# t (s)	mx ()	my ()	mz ()	B_extx (T)	B_exty (T)	B_extz (T)	m_zrange1_x ()	m_zrange1_y ()	m_zrange1_z ()
0	-0.9990807	-0.0014679692	0.00028826273	0	0	0	-0.7854186	-0.0023101876	0.00045364784
0	-0.9990453	0.004411571	0.00023544153	0.0027263316	0.0029236323	-0.00013959799	-0.7853627	0.0069426247	0.00037052148
0	-0.99893594	0.010425836	0.00018268972	0.005452663	0.0058472645	-0.00027919599	-0.7851907	0.016407456	0.00028750437
0	-0.99874747	0.016577058	0.0001300421	0.008178995	0.008770898	-0.0004187939	-0.7848942	0.026087822	0.00020465121
0	-0.9984747	0.022867322	7.753303e-05	0.010905326	0.011694529	-0.00055839197	-0.78446484	0.035987	0.00012201611
0	-0.9981118	0.02929846	2.5195963e-05	0.013631658	0.014618165	-0.00069798995	-0.7838938	0.04610788	3.9651663e-05
0	-0.99765307	0.035872184	-2.693825e-05	0.01635799	0.017541796	-0.0008375878	-0.7831719	0.056453146	-4.239354e-05
0	-0.99709266	0.04259002	-7.884282e-05	0.019084321	0.020465432	-0.0009771859	-0.78228974	0.067025214	-0.00012407734
0	-0.99642384	0.049453504	-0.00013049612	0.021810653	0.023389058	-0.0011167839	-0.78123736	0.077826485	-0.0002053657
0	-0.9956405	0.056464195	-0.00018188135	0.024536984	0.026312694	-0.001256382	-0.7800046	0.088859424	-0.0002862322
0	-0.99473584	0.06362375	-0.00023298843	0.027263315	0.02923633	-0.0013959799	-0.77858096	0.10012663	-0.000366661
0	-0.99370265	0.07093404	-0.00028381127	0.029989647	0.032159958	-0.0015355778	-0.77695507	0.11163105	-0.00044664252
0	-0.9925335	0.07839725	-0.00033434833	0.03271598	0.035083592	-0.0016751756	-0.7751151	0.123376146	-0.00052617415
0	-0.99122036	0.086015865	-0.00038459967	0.03544231	0.038007226	-0.0018147734	-0.77304834	0.13536578	-0.0006052562
0	-0.9897544	0.09379273	-0.00043456658	0.038168643	0.040930863	-0.0019543718	-0.7707413	0.14760448	-0.00068389066
0	-0.98812634	0.10173103	-0.00048424918	0.040894974	0.04385449	-0.0020939698	-0.76817936	0.16009721	-0.0007620777
0	-0.9863263	0.109834306	-0.0005336464	0.043621305	0.046778116	-0.0022335679	-0.7653465	0.17284961	-0.0008398156
0	-0.9843432	0.11810619	-0.00058275444	0.046347644	0.049701754	-0.0023731657	-0.7622256	0.18586731	-0.0009170984
0	-0.9821652	0.12655053	-0.0006315665	0.049073968	0.052625388	-0.002512764	-0.7587981	0.19915642	-0.0009939155
0	-0.9797794	0.13517149	-0.00068007107	0.051800307	0.05554902	-0.0026523618	-0.7550434	0.21272348	-0.0010702487
0	-0.97717184	0.14397241	-0.00072825357	0.05452663	0.05847266	-0.0027919598	-0.7509397	0.22657374	-0.0011460747
0	-0.9743272	0.15295702	-0.0007760907	0.05725297	0.061396297	-0.0029315578	-0.7464632	0.24071313	-0.0012213576
0	-0.97122943	0.16212842	-0.000823553	0.059979293	0.064319916	-0.0030711556	-0.74158806	0.25514644	-0.0012960505
0	-0.9678609	0.17148864	-0.0008706072	0.06270563	0.06724355	-0.0032107534	-0.7362869	0.2698769	-0.0013701011
0	-0.9642031	0.18103768	-0.00091722567	0.06543196	0.070167184	-0.0033503512	-0.7305307	0.28490448	-0.0014434658
0	-0.9602375	0.19077313	-0.0009634076	0.06815829	0.07309082	-0.003489949	-0.7242897	0.3002255	-0.0015161439
0	-0.95594543	0.2006886	-0.001009215	0.07088462	0.07601445	-0.0036295468	-0.7175353	0.31582978	-0.0015882323
0	-0.9513102	0.21077354	-0.0010547992	0.073610954	0.078938074	-0.003769146	-0.7102405	0.33170074	-0.0016599694
0	-0.9463159	0.22101457	-0.0011003929	0.076337285	0.08186173	-0.0039087436	-0.7023808	0.3478173	-0.0017317217
0	-0.94094765	0.23139736	-0.0011462608	0.07906362	0.08478535	-0.0040483414	-0.6939328	0.36415708	-0.0018039055
0	-0.93519056	0.24190828	-0.0011926426	0.08178995	0.08770898	-0.0041879397	-0.6848726	0.38069847	-0.001876898
0	-0.9290283	0.25253415	-0.0012397185	0.08451628	0.09063262	-0.0043275375	-0.6751747	0.3974207	-0.0019509827
0	-0.9224435	0.26326066	-0.0012875795	0.08724261	0.09355623	-0.0044671358	-0.6648122	0.41430134	-0.0020263032
0	-0.91541964	0.27406982	-0.001336173	0.08996893	0.096479885	-0.0046067336	-0.6537584	0.431312	-0.0021027762
0	-0.9079444	0.284934	-0.0013852371	0.09269529	0.09940351	-0.0047463314	-0.6419946	0.44840938	-0.0021799898
0	-0.90001917	0.29580986	-0.001434343	0.095421605	0.10232716	-0.00488593	-0.6295224	0.465525	-0.0022572693
0	-0.89165956	0.30664524	-0.0014831537	0.098147936	0.105250776	-0.005025528	-0.6163667	0.48257697	-0.0023340841
0	-0.88288385	0.31739685	-0.0015316388	0.10087425	0.108174436	-0.0051651257	-0.60255605	0.49949715	-0.0024103867
0	-0.87370217	0.32803577	-0.0015799745	0.103600614	0.11109804	-0.0053047235	-0.5881065	0.5162399	-0.0024864543
0	-0.86411965	0.33853906	-0.0016283668	0.10632693	0.11402167	-0.0054443213	-0.5730262	0.5327693	-0.0025626107
0	-0.8541403	0.3488843	-0.0016769877	0.10905326	0.11694532	-0.0055839196	-0.5573214	0.54904985	-0.002639127
0	-0.8437712	0.35904622	-0.0017259786	0.11177958	0.11986894	-0.0057235174	-0.5410032	0.565042	-0.0027162249
0	-0.833024	0.36899635	-0.0017754828	0.11450594	0.122792594	-0.0058631157	-0.5240901	0.58070076	-0.0027941314
0	-0.8219165	0.37870377	-0.0018256686	0.11723226	0.12571621	-0.0060027135	-0.50660974	0.59597766	-0.0028731104
0	-0.81047314	0.38813573	-0.0018767514	0.11995859	0.12863983	-0.0061423113	-0.48860097	0.610821	-0.002953501
0	-0.79872304	0.39726108	-0.0019289511	0.12268495	0.13156347	-0.006281909	-0.47010958	0.6251818	-0.003035649
0	-0.78669995	0.40605062	-0.0019824598	0.12541126	0.1344871	-0.006421507	-0.45118845	0.63901424	-0.0031198573
0	-0.7744375	0.41448036	-0.0020373736	0.12813759	0.13741075	-0.0065611047	-0.43189058	0.6522804	-0.0032062766
0	-0.76196873	0.4225304	-0.0020936849	0.13086392	0.14033437	-0.0067007025	-0.41226828	0.66494906	-0.0032948956
0	-0.7493264	0.43018472	-0.0021512997	0.13359024	0.14325799	-0.0068403003	-0.39237258	0.6769949	-0.003385566
0	-0.7365438	0.43742952	-0.0022100564	0.13631658	0.14618164	-0.006979898	-0.37225613	0.68839616	-0.0034780332
0	-0.72365546	0.44425315	-0.0022697407	0.13904291	0.14910527	-0.0071194987	-0.35197344	0.69913477	-0.0035719601
0	-0.710698	0.45064625	-0.002330138	0.14176925	0.1520289	-0.0072590937	-0.3315817	0.70919573	-0.0036670095
0	-0.6977096	0.45660126	-0.0023911314	0.14449559	0.15495254	-0.0073986943	-0.31114158	0.71856725	-0.0037629963
0	-0.6847315	0.46211243	-0.0024527838	0.14722191	0.15787615	-0.007538292	-0.29071766	0.7272404	-0.0038600203
0	-0.6718067	0.46717653	-0.0025152904	0.14994824	0.1607998	-0.00767789	-0.27037728	0.7352099	-0.0039583896
0	-0.6589856	0.47179046	-0.002578767	0.15267457	0.16372345	-0.007817487	-0.2502005	0.74247104	-0.004058284
0	-0.64633536	0.47595233	-0.002642994	0.15540089	0.16664706	-0.007957085	-0.23029236	0.7490207	-0.00415936
0	-0.6339181	0.47967118	-0.0027075065	0.15812723	0.1695707	-0.008096683	-0.21075094	0.7548732	-0.004260886
0	-0.62177116	0.4829689	-0.0027719534	0.16085356	0.1724943	-0.008236282	-0.19163492	0.7600629	-0.0043623075
0	-0.6099151	0.48587167	-0.0028361839	0.1635799	0.17541796	-0.008375879	-0.17297667	0.76463103	-0.004463389
0	-0.59836155	0.488406	-0.0029001797	0.16630624	0.17834161	-0.008515477	-0.15479462	0.76861936	-0.0045641013
0	-0.5871201	0.49059752	-0.0029639807	0.16903256	0.18126523	-0.008655075	-0.13710362	0.7720683	-0.0046645068
0	-0.57619715	0.49247104	-0.0030276473	0.17175889	0.18418886	-0.008794673	-0.11991379	0.77501667	-0.004764701
0	-0.5655962	0.49405074	-0.0030912452	0.17448522	0.18711247	-0.0089342715	-0.10323075	0.7775027	-0.0048647868
0	-0.5553191	0.49535996	-0.0031548245	0.17721154	0.19003616	-0.009073869	-0.08705727	0.77956307	-0.0049648425
0	-0.54536384	0.49642128	-0.0032184164	0.17993785	0.19295977	-0.009213467	-0.07139047	0.7812333	-0.0050649205
0	-0.5357279	0.4972559	-0.0032820262	0.18266422	0.1958834	-0.009353065	-0.056226175	0.7825468	-0.005165025
0	-0.5264068	0.4978839	-0.0033456339	0.18539058	0.19880702	-0.009492663	-0.041557252	0.78353506	-0.0052651255
0	-0.51739484	0.49832413	-0.0034091966	0.1881169	0.20173062	-0.009632261	-0.027374728	0.78422797	-0.005365156
0	-0.50868523	0.49859414	-0.003472654	0.19084321	0.20465432	-0.00977186	-0.013668252	0.7846527	-0.0054650214
0	-0.5002708	0.49871013	-0.0035359368	0.19356954	0.20757793	-0.009911456	-0.0004262291	0.78483534	-0.0055646114
0	-0.49214363	0.4986873	-0.00359897	0.19629587	0.21050155	-0.010051056	0.0123638045	0.7847994	-0.0056638084
0	-0.4842954	0.49853945	-0.0036616782	0.19902219	0.21342517	-0.010190652	0.024714893	0.78456664	-0.0057624946
0	-0.47671732	0.49827927	-0.0037239916	0.2017485	0.21634887	-0.010330251	0.036640644	0.7841573	-0.005860559
0	-0.46940085	0.49791864	-0.0037858454	0.20447491	0.21927248	-0.010469847	0.048154883	0.7835898	-0.0059578996
0	-0.46233693	0.49746814	-0.003847183	0.20720123	0.22219609	-0.010609447	0.059271522	0.7828808	-0.006054429
0	-0.45551687	0.49693766	-0.003907958	0.20992754	0.22511972	-0.010749043	0.07000444	0.78204596	-0.006150072
0	-0.44893187	0.49633616	-0.0039681313	0.21265386	0.22804333	-0.010888643	0.08036744	0.7810993	-0.006244769
0	-0.44257337	0.4956716	-0.0040276735	0.21538019	0.23096703	-0.011028241	0.090374045	0.7800535	-0.0063384725
0	-0.43643284	0.4949516	-0.0040865606	0.21810652	0.23389064	-0.011167839	0.100037575	0.7789204	-0.0064311447
0	-0.4305021	0.49418277	-0.004144777	0.22083284	0.23681425	-0.011307437	0.10937098	0.77771056	-0.0065227617
0	-0.4247731	0.49337134	-0.0042023123	0.22355916	0.23973788	-0.011447035	0.11838691	0.7764335	-0.006613307
0	-0.41923806	0.49252278	-0.004259162	0.22628547	0.24266149	-0.011586633	0.12709756	0.7750981	-0.0067027733
0	-0.41388935	0.49164227	-0.0043153255	0.22901188	0.24558519	-0.011726231	0.13551494	0.77371246	-0.0067911595
0	-0.40871984	0.49073428	-0.004370803	0.2317382	0.2485088	-0.011865831	0.1436504	0.7722835	-0.0068784663
0	-0.4037224	0.48980302	-0.004425602	0.23446453	0.25143242	-0.012005427	0.15151499	0.770818	-0.006964705
0	-0.39889026	0.48885226	-0.004479729	0.23719086	0.25435606	-0.012145027	0.15911949	0.7693217	-0.0070498865
0	-0.3942169	0.4878853	-0.0045331935	0.23991717	0.25727966	-0.0122846225	0.16647413	0.76780003	-0.007134025
0	-0.38969594	0.48690534	-0.0045860074	0.24264349	0.26020333	-0.012424222	0.17358887	0.76625776	-0.00721714
0	-0.3853215	0.4859151	-0.0046381806	0.2453699	0.26312694	-0.012563818	0.18047307	0.7646994	-0.007299246
0	-0.3810876	0.48491699	-0.0046897265	0.24809621	0.26605058	-0.012703418	0.18713602	0.7631287	-0.007380366
0	-0.3769888	0.48391342	-0.0047406578	0.2508225	0.2689742	-0.012843014	0.19358645	0.7615493	-0.0074605187
0	-0.37301978	0.48290634	-0.0047909883	0.25354883	0.27189782	-0.012982613	0.19983268	0.7599644	-0.0075397245
0	-0.36917526	0.48189753	-0.004840731	0.25627518	0.2748215	-0.013122209	0.20588292	0.75837684	-0.0076180063
0	-0.36545038	0.4808886	-0.0048899	0.2590015	0.2777451	-0.013261809	0.21174486	0.75678897	-0.0076953843
0	-0.36184046	0.47988102	-0.0049385075	0.26172784	0.28066874	-0.013401405	0.2174259	0.7552034	-0.00777188
0	-0.35834095	0.4788762	-0.0049865674	0.26445416	0.28359237	-0.013541005	0.22293316	0.75362194	-0.007847513
0	-0.35494757	0.47787508	-0.0050340933	0.26718047	0.28651598	-0.013680601	0.22827347	0.7520466	-0.007922307
0	-0.35165608	0.4768789	-0.0050810967	0.2699068	0.28943965	-0.013820201	0.23345332	0.75047886	-0.007996277
0	-0.34846264	0.47588843	-0.005127591	0.27263317	0.2923633	-0.013959796	0.23847894	0.74892014	-0.008069446
0	-0.34536347	0.47490454	-0.005173588	0.27535948	0.2952869	-0.014099397	0.24335621	0.7473718	-0.008141832
0	-0.34235477	0.47392794	-0.0052190986	0.27808583	0.29821053	-0.014238997	0.24809112	0.7458348	-0.008213454
0	-0.3394332	0.47295916	-0.0052641365	0.28081214	0.30113414	-0.014378592	0.25268888	0.74431026	-0.008284331
0	-0.3365954	0.47199887	-0.0053087105	0.2835385	0.3040578	-0.014518187	0.25715485	0.7427989	-0.0083544785
0	-0.33383814	0.47104734	-0.0053528324	0.2862648	0.30698144	-0.014657789	0.26149398	0.7413016	-0.008423915
0	-0.33115843	0.47010517	-0.0053965123	0.28899118	0.30990508	-0.014797389	0.26571113	0.7398188	-0.008492656
0	-0.32855335	0.46917257	-0.0054397606	0.2917175	0.3128287	-0.0149369845	0.26981083	0.7383512	-0.008560717
0	-0.32602006	0.4682499	-0.0054825866	0.29444382	0.3157523	-0.015076584	0.27379745	0.73689914	-0.008628114
0	-0.32355607	0.46733743	-0.005525	0.29717013	0.31867597	-0.01521618	0.2776752	0.7354631	-0.008694861
0	-0.32115862	0.46643525	-0.0055670096	0.29989648	0.3215996	-0.01535578	0.28144813	0.73404336	-0.008760973
0	-0.3188254	0.4655436	-0.005608625	0.3026228	0.32452324	-0.015495376	0.28511998	0.73264015	-0.008826463
0	-0.316554	0.46466255	-0.005649852	0.30534914	0.3274469	-0.015634974	0.28869453	0.7312536	-0.008891344
0	-0.3143422	0.4637922	-0.0056907022	0.30807546	0.33037046	-0.015774572	0.29217532	0.7298839	-0.0089556305
0	-0.3121879	0.46293268	-0.005731181	0.31080177	0.33329412	-0.01591417	0.29556563	0.72853124	-0.009019334
0	-0.310089	0.46208385	-0.0057712966	0.31352815	0.33621776	-0.016053768	0.29886872	0.7271955	-0.009082466
0	-0.30804357	0.461246	-0.0058110575	0.31625447	0.3391414	-0.016193366	0.3020876	0.7258769	-0.009145037
0	-0.30604982	0.46041897	-0.0058504697	0.3189808	0.34206507	-0.016332967	0.30522534	0.72457534	-0.009207062
0	-0.30410573	0.45960265	-0.0058895405	0.32170713	0.3449886	-0.016472563	0.30828482	0.7232907	-0.009268548
0	-0.30220973	0.45879716	-0.005928275	0.32443348	0.34791228	-0.01661216	0.31126857	0.7220231	-0.009329507
0	-0.30036017	0.45800233	-0.005966681	0.3271598	0.35083592	-0.016751759	0.31417924	0.7207722	-0.009389948
0	-0.29855537	0.4572181	-0.0060047647	0.32988617	0.35375956	-0.016891358	0.31701952	0.71953803	-0.0094498815
0	-0.29679397	0.45644444	-0.0060425326	0.33261248	0.35668322	-0.017030954	0.3197915	0.71832055	-0.009509318
0	-0.29507437	0.45568135	-0.006079988	0.3353388	0.35960677	-0.01717055	0.3224977	0.7171196	-0.009568264
0	-0.29339528	0.45492855	-0.00611714	0.33806512	0.36253047	-0.01731015	0.32514012	0.715935	-0.009626729
0	-0.2917553	0.4541861	-0.006153991	0.34079146	0.36545408	-0.01744975	0.32772106	0.7147665	-0.009684723
0	-0.2933949	0.45492846	-0.0061171404	0.33806512	0.36253047	-0.01731015	0.32514077	0.7159347	-0.009626729
0	-0.295074	0.4556812	-0.0060799895	0.3353388	0.35960677	-0.01717055	0.32249835	0.71711934	-0.009568265
0	-0.2967935	0.45644426	-0.0060425326	0.33261248	0.35668322	-0.017030954	0.3197922	0.7183203	-0.0095093185
0	-0.29855496	0.4572179	-0.006004766	0.32988617	0.35375956	-0.016891358	0.31702024	0.71953773	-0.009449883
0	-0.30035967	0.4580021	-0.0059666825	0.3271598	0.35083592	-0.016751759	0.3141801	0.72077185	-0.00938995
0	-0.30220926	0.4587969	-0.005928276	0.32443348	0.34791228	-0.01661216	0.31126928	0.72202265	-0.009329508
0	-0.3041052	0.45960242	-0.005889541	0.32170713	0.3449886	-0.016472563	0.3082856	0.7232904	-0.00926855
0	-0.30604926	0.4604187	-0.005850471	0.3189808	0.34206507	-0.016332967	0.30522615	0.724575	-0.009207064
0	-0.30804312	0.46124578	-0.0058110585	0.31625447	0.3391414	-0.016193366	0.30208844	0.72587657	-0.00914504
0	-0.3100885	0.46208373	-0.0057712984	0.31352815	0.33621776	-0.016053768	0.29886955	0.7271952	-0.009082468
0	-0.3121874	0.4629324	-0.005731182	0.31080177	0.33329412	-0.01591417	0.29556644	0.7285309	-0.009019336
0	-0.31434166	0.463792	-0.0056907027	0.30807546	0.33037046	-0.015774572	0.29217622	0.7298836	-0.008955633
0	-0.31655347	0.46466234	-0.0056498544	0.30534914	0.3274469	-0.015634974	0.2886954	0.7312532	-0.008891348
0	-0.31882486	0.46554333	-0.0056086266	0.3026228	0.32452324	-0.015495376	0.28512082	0.7326398	-0.008826465
0	-0.32115808	0.46643505	-0.0055670114	0.29989648	0.3215996	-0.01535578	0.28144896	0.7340431	-0.008760976
0	-0.32355556	0.4673372	-0.005525002	0.29717013	0.31867597	-0.01521618	0.27767605	0.73546284	-0.008694864
0	-0.32601956	0.4682497	-0.005482589	0.29444382	0.3157523	-0.015076584	0.27379835	0.73689884	-0.008628117
0	-0.32855278	0.46917242	-0.0054397625	0.2917175	0.3128287	-0.0149369845	0.2698117	0.7383509	-0.00856072
0	-0.33115783	0.47010496	-0.0053965137	0.28899118	0.30990508	-0.014797389	0.26571205	0.7398185	-0.008492659
0	-0.33383754	0.4710471	-0.0053528347	0.2862648	0.30698144	-0.014657789	0.26149493	0.7413013	-0.008423919
0	-0.33659473	0.47199863	-0.0053087124	0.2835385	0.3040578	-0.014518187	0.25715578	0.74279857	-0.008354482
0	-0.33943257	0.47295895	-0.005264138	0.28081214	0.30113414	-0.014378592	0.25268984	0.7443099	-0.008284335
0	-0.3423541	0.4739277	-0.005219102	0.27808583	0.29821053	-0.014238997	0.24809214	0.7458345	-0.0082134595
0	-0.34536287	0.4749044	-0.00517359	0.27535948	0.2952869	-0.014099397	0.24335717	0.7473715	-0.008141836
0	-0.34846207	0.47588828	-0.0051275934	0.27263317	0.2923633	-0.013959796	0.23847984	0.7489199	-0.00806945
0	-0.3516556	0.47687876	-0.0050811	0.2699068	0.28943965	-0.013820201	0.23345414	0.7504786	-0.007996282
0	-0.354947	0.47787493	-0.0050340956	0.26718047	0.28651598	-0.013680601	0.22827438	0.7520464	-0.007922309
0	-0.3583404	0.478876	-0.0049865698	0.26445416	0.28359237	-0.013541005	0.222934	0.75362176	-0.007847517
0	-0.36183992	0.4798809	-0.0049385102	0.26172784	0.28066874	-0.013401405	0.21742672	0.7552032	-0.007771884
0	-0.36544985	0.4808885	-0.0048899027	0.2590015	0.2777451	-0.013261809	0.21174565	0.75678873	-0.007695389
0	-0.36917472	0.48189738	-0.0048407344	0.25627518	0.2748215	-0.013122209	0.20588373	0.7583765	-0.007618011
0	-0.37301934	0.4829062	-0.0047909906	0.25354883	0.27189782	-0.012982613	0.19983342	0.75996417	-0.007539728
0	-0.37698835	0.48391327	-0.004740661	0.2508225	0.2689742	-0.012843014	0.19358712	0.76154906	-0.0074605225
0	-0.38108724	0.48491696	-0.0046897293	0.24809621	0.26605058	-0.012703418	0.18713666	0.7631285	-0.00738037
0	-0.3853211	0.48591495	-0.0046381834	0.2453699	0.26312694	-0.012563818	0.18047369	0.7646992	-0.007299251
0	-0.38969555	0.48690525	-0.0045860102	0.24264349	0.26020333	-0.012424222	0.17358948	0.76625764	-0.0072171446
0	-0.3942165	0.48788527	-0.004533197	0.23991717	0.25727966	-0.0122846225	0.16647473	0.76779985	-0.007134029
0	-0.39888987	0.48885214	-0.0044797324	0.23719086	0.25435606	-0.012145027	0.1591201	0.7693215	-0.007049891
0	-0.403722	0.489803	-0.0044256053	0.23446453	0.25143242	-0.012005427	0.15151559	0.7708179	-0.0069647096
0	-0.4087195	0.49073425	-0.004370806	0.2317382	0.2485088	-0.011865831	0.14365092	0.77228343	-0.0068784705
0	-0.41388902	0.4916422	-0.004315328	0.22901188	0.24558519	-0.011726231	0.13551545	0.77371234	-0.0067911632
0	-0.41923773	0.49252278	-0.004259165	0.22628547	0.24266149	-0.011586633	0.12709804	0.7750981	-0.006702777
0	-0.4247728	0.4933713	-0.0042023147	0.22355916	0.23973788	-0.011447035	0.118387334	0.77643347	-0.0066133114
0	-0.43050182	0.49418274	-0.0041447794	0.22083284	0.23681425	-0.011307437	0.109371416	0.7777104	-0.006522766
0	-0.43643257	0.49495152	-0.004086563	0.21810652	0.23389064	-0.011167839	0.10003798	0.7789203	-0.0064311484
0	-0.44257313	0.4956716	-0.004027676	0.21538019	0.23096703	-0.011028241	0.0903744	0.7800535	-0.0063384757
0	-0.44893166	0.49633607	-0.0039681336	0.21265386	0.22804333	-0.010888643	0.08036779	0.78109926	-0.006244772
0	-0.45551664	0.49693766	-0.00390796	0.20992754	0.22511972	-0.010749043	0.0700048	0.78204596	-0.0061500757
0	-0.46233672	0.49746814	-0.0038471846	0.20720123	0.22219609	-0.010609447	0.05927185	0.7828808	-0.006054432
0	-0.4694006	0.49791864	-0.0037858468	0.20447491	0.21927248	-0.010469847	0.0481552	0.78358966	-0.0059579024
0	-0.4767171	0.49827924	-0.003723993	0.2017485	0.21634887	-0.010330251	0.036640972	0.7841573	-0.005860561
0	-0.48429513	0.4985394	-0.0036616798	0.19902219	0.21342517	-0.010190652	0.024715204	0.78456664	-0.0057624965
0	-0.49214342	0.4986873	-0.003598971	0.19629587	0.21050155	-0.010051056	0.012364132	0.7847994	-0.0056638103
0	-0.5002706	0.49871013	-0.003535938	0.19356954	0.20757793	-0.009911456	-0.0004258573	0.78483534	-0.0055646133
0	-0.508685	0.49859416	-0.0034726546	0.19084321	0.20465432	-0.00977186	-0.013667848	0.7846528	-0.0054650223
0	-0.5173945	0.4983242	-0.003409197	0.1881169	0.20173062	-0.009632261	-0.027374288	0.78422785	-0.0053651575
0	-0.5264065	0.4978839	-0.003345634	0.18539058	0.19880702	-0.009492663	-0.04155673	0.7835351	-0.0052651265
0	-0.5357276	0.49725598	-0.0032820266	0.18266422	0.1958834	-0.009353065	-0.056225616	0.7825469	-0.005165025
0	-0.5453635	0.49642137	-0.0032184161	0.17993785	0.19295977	-0.009213467	-0.07138983	0.78123343	-0.0050649196
0	-0.5553185	0.4953601	-0.0031548233	0.17721154	0.19003616	-0.009073869	-0.08705649	0.7795632	-0.0049648425
0	-0.56559587	0.49405074	-0.003091244	0.17448522	0.18711247	-0.0089342715	-0.10323024	0.7775027	-0.004864785
0	-0.5761967	0.49247116	-0.0030276463	0.17175889	0.18418886	-0.008794673	-0.11991299	0.77501684	-0.0047646994
0	-0.58711964	0.4905976	-0.0029639802	0.16903256	0.18126523	-0.008655075	-0.13710281	0.7720684	-0.004664506
0	-0.59836084	0.48840615	-0.002900181	0.16630624	0.17834161	-0.008515477	-0.15479347	0.76861966	-0.0045641027
0	-0.60991424	0.48587182	-0.0028361855	0.1635799	0.17541796	-0.008375879	-0.17297538	0.7646313	-0.004463392
0	-0.62177044	0.48296914	-0.0027719557	0.16085356	0.1724943	-0.008236282	-0.19163385	0.7600632	-0.0043623107
0	-0.6339173	0.47967142	-0.0027075098	0.15812723	0.1695707	-0.008096683	-0.21074969	0.7548736	-0.0042608907
0	-0.646335	0.47595248	-0.0026429957	0.15540089	0.16664706	-0.007957085	-0.23029181	0.7490209	-0.004159363
0	-0.6589853	0.47179058	-0.0025787689	0.15267457	0.16372345	-0.007817487	-0.25020003	0.7424712	-0.004058287
0	-0.6718061	0.46717668	-0.0025152913	0.14994824	0.1607998	-0.00767789	-0.27037653	0.7352102	-0.00395839
0	-0.68473107	0.4621126	-0.0024527833	0.14722191	0.15787615	-0.007538292	-0.29071692	0.7272407	-0.0038600191
0	-0.6977092	0.45660138	-0.0023911307	0.14449559	0.15495254	-0.0073986943	-0.31114098	0.7185675	-0.0037629954
0	-0.71069753	0.45064643	-0.0023301372	0.14176925	0.1520289	-0.0072590937	-0.3315811	0.709196	-0.003667008
0	-0.7236551	0.4442533	-0.00226974	0.13904291	0.14910527	-0.0071194987	-0.35197288	0.699135	-0.003571959
0	-0.7365434	0.4374297	-0.0022100557	0.13631658	0.14618164	-0.006979898	-0.37225556	0.68839645	-0.0034780318
0	-0.749326	0.430185	-0.0021512988	0.13359024	0.14325799	-0.0068403003	-0.39237198	0.67699516	-0.0033855643
0	-0.7619682	0.42253077	-0.0020936835	0.13086392	0.14033437	-0.0067007025	-0.4122674	0.6649496	-0.0032948933
0	-0.7744369	0.4144807	-0.002037372	0.12813759	0.13741075	-0.0065611047	-0.4318897	0.65228087	-0.003206274
0	-0.7866996	0.4060509	-0.0019824582	0.12541126	0.1344871	-0.006421507	-0.45118785	0.63901466	-0.003119855
0	-0.7987225	0.3972614	-0.001928948	0.12268495	0.13156347	-0.006281909	-0.47010875	0.62518245	-0.0030356445
0	-0.8104723	0.3881363	-0.0018767462	0.11995859	0.12863983	-0.0061423113	-0.4885999	0.6108219	-0.0029534926
0	-0.821916	0.3787042	-0.0018256648	0.11723226	0.12571621	-0.0060027135	-0.5066089	0.5959783	-0.0028731045
0	-0.83302325	0.368997	-0.0017754767	0.11450594	0.122792594	-0.0058631157	-0.52408886	0.5807018	-0.0027941216
0	-0.84377044	0.35904682	-0.0017259739	0.11177958	0.11986894	-0.0057235174	-0.54100215	0.5650429	-0.0027162177
0	-0.8541395	0.3488851	-0.001676983	0.10905326	0.11694532	-0.0055839196	-0.55732	0.5490511	-0.002639119
0	-0.8641188	0.33853984	-0.0016283646	0.10632693	0.11402167	-0.0054443213	-0.57302487	0.53277045	-0.0025626067
0	-0.87370133	0.32803652	-0.0015799741	0.103600614	0.11109804	-0.0053047235	-0.58810526	0.5162411	-0.0024864534
0	-0.88288325	0.3173975	-0.0015316396	0.10087425	0.108174436	-0.0051651257	-0.60255504	0.49949813	-0.0024103879
0	-0.8916594	0.30664554	-0.0014831544	0.098147936	0.105250776	-0.005025528	-0.61636627	0.48257744	-0.002334085
0	-0.900019	0.29581016	-0.0014343443	0.095421605	0.10232716	-0.00488593	-0.629522	0.46552545	-0.0022572717
0	-0.90794414	0.28493434	-0.0013852388	0.09269529	0.09940351	-0.0047463314	-0.6419942	0.44840986	-0.0021799926
0	-0.91541934	0.2740701	-0.0013361747	0.08996893	0.096479885	-0.0046067336	-0.6537581	0.4313125	-0.0021027785
0	-0.9224433	0.26326096	-0.001287581	0.08724261	0.09355623	-0.0044671358	-0.6648119	0.41430178	-0.0020263055
0	-0.929028	0.2525345	-0.001239719	0.08451628	0.09063262	-0.0043275375	-0.67517436	0.3974213	-0.0019509834
0	-0.93519026	0.2419088	-0.0011926412	0.08178995	0.08770898	-0.0041879397	-0.68487215	0.38069925	-0.0018768958
0	-0.94094753	0.2313977	-0.0011462584	0.07906362	0.08478535	-0.0040483414	-0.6939325	0.36415765	-0.0018039019
0	-0.9463156	0.2210148	-0.0011003909	0.076337285	0.08186173	-0.0039087436	-0.70238054	0.34781772	-0.0017317187
0	-0.95131	0.21077375	-0.0010547972	0.073610954	0.078938074	-0.003769146	-0.71024036	0.33170107	-0.0016599668
0	-0.9559454	0.2006888	-0.0010092134	0.07088462	0.07601445	-0.0036295468	-0.7175352	0.3158301	-0.0015882298
0	-0.9602375	0.19077334	-0.00096340635	0.06815829	0.07309082	-0.003489949	-0.72428966	0.30022582	-0.0015161418
0	-0.96420306	0.181038	-0.0009172239	0.06543196	0.070167184	-0.0033503512	-0.73053044	0.284905	-0.0014434633
0	-0.9678607	0.17148884	-0.0008706064	0.06270563	0.06724355	-0.0032107534	-0.7362867	0.2698772	-0.0013700998
0	-0.97122926	0.16212873	-0.0008235522	0.059979293	0.064319916	-0.0030711556	-0.7415879	0.25514692	-0.0012960491
0	-0.974327	0.15295734	-0.0007760898	0.05725297	0.061396297	-0.0029315578	-0.746463	0.24071363	-0.0012213561
0	-0.97717166	0.14397265	-0.00072825287	0.05452663	0.05847266	-0.0027919598	-0.75093955	0.22657415	-0.0011460738
0	-0.9797791	0.13517183	-0.0006800702	0.051800307	0.05554902	-0.0026523618	-0.7550432	0.21272403	-0.001070247
0	-0.9821651	0.12655099	-0.00063156517	0.049073968	0.052625388	-0.002512764	-0.7587979	0.19915712	-0.0009939134
0	-0.9843431	0.11810644	-0.00058275333	0.046347644	0.049701754	-0.0023731657	-0.7622256	0.18586768	-0.0009170967
0	-0.9863262	0.10983466	-0.00053364504	0.043621305	0.046778116	-0.0022335679	-0.7653464	0.17285015	-0.0008398135
0	-0.98812634	0.10173138	-0.00048424766	0.040894974	0.04385449	-0.0020939698	-0.7681792	0.16009778	-0.0007620753
0	-0.98975426	0.093793064	-0.00043456495	0.038168643	0.040930863	-0.0019543718	-0.77074116	0.14760499	-0.0006838881
0	-0.99122024	0.086016156	-0.00038459816	0.03544231	0.038007226	-0.0018147734	-0.7730483	0.13536625	-0.00060525385
0	-0.9925335	0.07839751	-0.00033434687	0.03271598	0.035083592	-0.0016751756	-0.7751149	0.12337656	-0.0005261718
0	-0.99370265	0.070934296	-0.00028380996	0.029989647	0.032159958	-0.0015355778	-0.77695495	0.11163147	-0.0004466404
0	-0.99473596	0.06362399	-0.00023298724	0.027263315	0.02923633	-0.0013959799	-0.77858084	0.10012701	-0.0003666591
0	-0.9956405	0.056464393	-0.00018188055	0.024536984	0.026312694	-0.001256382	-0.7800046	0.08885974	-0.00028623096
0	-0.99642384	0.049453694	-0.00013049526	0.021810653	0.023389058	-0.0011167839	-0.7812373	0.07782678	-0.00020536437
0	-0.9970926	0.042590182	-7.884224e-05	0.019084321	0.020465432	-0.0009771859	-0.7822897	0.06702547	-0.00012407644
0	-0.9976531	0.03587232	-2.6937749e-05	0.01635799	0.017541796	-0.0008375878	-0.78317183	0.056453362	-4.2392756e-05
0	-0.99811184	0.029298589	2.519637e-05	0.013631658	0.014618165	-0.00069798995	-0.7838938	0.046108086	3.9652296e-05
0	-0.9984747	0.022867443	7.753335e-05	0.010905326	0.011694529	-0.00055839197	-0.78446484	0.03598719	0.0001220166
0	-0.9987476	0.016577164	0.0001300423	0.008178995	0.008770898	-0.0004187939	-0.78489417	0.026087984	0.00020465154
0	-0.99893594	0.010425913	0.00018268988	0.005452663	0.0058472645	-0.00027919599	-0.7851907	0.01640758	0.00028750466
0	-0.99904525	0.0044116485	0.00023544165	0.0027263316	0.0029236323	-0.00013959799	-0.7853627	0.006942746	0.00037052174
0	-0.9990808	-0.0014679153	0.0002882627	-2.8376588e-16	-3.0430167e-16	1.4529833e-17	-0.7854185	-0.002310103	0.00045364778
0	-0.9990473	-0.0072151544	0.0003411196	-0.0027263316	-0.0029236323	0.00013959799	-0.78536594	-0.011354709	0.0005368302
0	-0.9989495	-0.012832724	0.00039397983	-0.005452663	-0.0058472645	0.00027919599	-0.7852121	-0.020195248	0.00062001805
0	-0.99879193	-0.018323334	0.00044681408	-0.008178995	-0.008770898	0.0004187939	-0.7849642	-0.02883599	0.00070316496
0	-0.9985788	-0.023689818	0.0004995949	-0.010905326	-0.011694529	0.00055839197	-0.7846286	-0.037281387	0.0007862277
0	-0.99831367	-0.028935065	0.0005522976	-0.013631658	-0.014618165	0.00069798995	-0.78421164	-0.04553599	0.0008691677
0	-0.9980008	-0.034061998	0.00060490036	-0.01635799	-0.017541796	0.0008375878	-0.78371906	-0.053604398	0.00095195015
0	-0.99764323	-0.039073553	0.0006573834	-0.019084321	-0.020465432	0.0009771859	-0.7831563	-0.061491236	0.0010345443
0	-0.9972443	-0.0439726	0.0007097298	-0.021810653	-0.023389058	0.0011167839	-0.7825284	-0.06920102	0.0011169233
0	-0.9968069	-0.048762076	0.0007619241	-0.024536984	-0.026312694	0.001256382	-0.7818403	-0.076738365	0.0011990631
0	-0.9963343	-0.053444754	0.0008139532	-0.027263315	-0.02923633	0.0013959799	-0.78109646	-0.08410763	0.0012809429
0	-0.9958289	-0.058023453	0.00086580566	-0.029989647	-0.032159958	0.0015355778	-0.78030103	-0.091313265	0.0013625446
0	-0.99529314	-0.062500834	0.00091747136	-0.03271598	-0.035083592	0.0016751756	-0.7794579	-0.09835947	0.0014438527
0	-0.9947295	-0.06687962	0.000968942	-0.03544231	-0.038007226	0.0018147734	-0.7785708	-0.10525049	0.0015248533
0	-0.99414	-0.071162336	0.0010202099	-0.038168643	-0.040930863	0.0019543718	-0.7776433	-0.11199033	0.0016055353
0	-0.993527	-0.075351514	0.0010712687	-0.040894974	-0.04385449	0.0020939698	-0.7766783	-0.11858297	0.0016858883
0	-0.992892	-0.079449594	0.0011221131	-0.043621305	-0.046778116	0.0022335679	-0.77567923	-0.12503223	0.0017659036
0	-0.9922372	-0.08345892	0.0011727381	-0.046347644	-0.049701754	0.0023731657	-0.7746486	-0.13134184	0.0018455738
0	-0.9915639	-0.087381825	0.0012231404	-0.049073968	-0.052625388	0.002512764	-0.7735894	-0.13751544	0.0019248934
0	-0.99087423	-0.09122054	0.0012733164	-0.051800307	-0.05554902	0.0026523618	-0.77250373	-0.14355655	0.0020038567
0	-0.9901693	-0.09497727	0.0013232634	-0.05452663	-0.05847266	0.0027919598	-0.77139425	-0.1494686	0.0020824599
0	-0.98945045	-0.09865406	0.0013729788	-0.05725297	-0.061396297	0.0029315578	-0.7702631	-0.15525489	0.0021606986
0	-0.9887192	-0.10225301	0.0014224614	-0.059979293	-0.064319916	0.0030711556	-0.76911235	-0.16091868	0.002238571
0	-0.9879768	-0.10577609	0.0014717095	-0.06270563	-0.06724355	0.0032107534	-0.76794386	-0.16646305	0.002316074
0	-0.98722416	-0.10922524	0.0015207217	-0.06543196	-0.070167184	0.0033503512	-0.7667595	-0.17189108	0.0023932059
0	-0.9864626	-0.112602286	0.0015694974	-0.06815829	-0.07309082	0.003489949	-0.765561	-0.17720565	0.0024699662
0	-0.9856931	-0.115909144	0.0016180362	-0.07088462	-0.07601445	0.0036295468	-0.7643501	-0.18240976	0.002546353
0	-0.9849167	-0.11914751	0.0016663373	-0.073610954	-0.078938074	0.003769146	-0.7631281	-0.18750608	0.002622366
0	-0.984134	-0.12231917	0.0017144007	-0.076337285	-0.08186173	0.0039087436	-0.76189655	-0.1924974	0.002698005
0	-0.9833462	-0.12542576	0.0017622267	-0.07906362	-0.08478535	0.0040483414	-0.7606567	-0.19738631	0.0027732698
0	-0.98255396	-0.12846889	0.0018098146	-0.08178995	-0.08770898	0.0041879397	-0.75940984	-0.20217538	0.0028481605
0	-0.981758	-0.13145013	0.0018571651	-0.08451628	-0.09063262	0.0043275375	-0.7581572	-0.20686707	0.0029226774
0	-0.9809589	-0.13437109	0.0019042788	-0.08724261	-0.09355623	0.0044671358	-0.7568997	-0.21146387	0.0029968214
0	-0.98015755	-0.13723323	0.0019511557	-0.08996893	-0.096479885	0.0046067336	-0.75563866	-0.21596813	0.0030705933
0	-0.9793545	-0.14003801	0.0019977964	-0.09269529	-0.09940351	0.0047463314	-0.75437474	-0.22038211	0.0031439932
0	-0.9785502	-0.14278685	0.0020442018	-0.095421605	-0.10232716	0.00488593	-0.753109	-0.224708	0.0032170226
0	-0.97774523	-0.1454811	0.0020903721	-0.098147936	-0.105250776	0.005025528	-0.7518423	-0.22894803	0.0032896823
0	-0.97694033	-0.14812213	0.0021363085	-0.10087425	-0.108174436	0.0051651257	-0.7505755	-0.23310433	0.003361974
0	-0.97613555	-0.15071124	0.0021820113	-0.103600614	-0.11109804	0.0053047235	-0.74930906	-0.23717886	0.0034338976
0	-0.97533166	-0.15324968	0.0022274815	-0.10632693	-0.11402167	0.0054443213	-0.748044	-0.24117368	0.0035054553
0	-0.974529	-0.1557387	0.00227272	-0.10905326	-0.11694532	0.0055839196	-0.7467807	-0.24509074	0.0035766484
0	-0.9737279	-0.15817949	0.0023177275	-0.11177958	-0.11986894	0.0057235174	-0.74552	-0.24893188	0.003647478
0	-0.97292864	-0.16057321	0.0023625055	-0.11450594	-0.122792594	0.0058631157	-0.7442622	-0.252699	0.0037179464
0	-0.97213167	-0.16292107	0.0024070537	-0.11723226	-0.12571621	0.0060027135	-0.74300814	-0.25639385	0.0037880538
0	-0.9713374	-0.16522412	0.0024513742	-0.11995859	-0.12863983	0.0061423113	-0.741758	-0.2600182	0.003857802
0	-0.9705459	-0.16748342	0.0024954677	-0.12268495	-0.13156347	0.006281909	-0.7405124	-0.26357374	0.0039271936
0	-0.96975756	-0.16970004	0.002539335	-0.12541126	-0.1344871	0.006421507	-0.73927176	-0.26706216	0.003996229
0	-0.9689725	-0.17187501	0.0025829773	-0.12813759	-0.13741075	0.0065611047	-0.73803633	-0.27048498	0.00406491
0	-0.968191	-0.17400932	0.002626395	-0.13086392	-0.14033437	0.0067007025	-0.73680663	-0.27384377	0.004133238
0	-0.96741354	-0.17610395	0.0026695903	-0.13359024	-0.14325799	0.0068403003	-0.7355829	-0.27714014	0.0042012157
0	-0.96664	-0.17815982	0.0027125634	-0.13631658	-0.14618164	0.006979898	-0.73436546	-0.28037554	0.0042688437
0	-0.96587056	-0.18017787	0.002755316	-0.13904291	-0.14910527	0.0071194987	-0.73315465	-0.2835514	0.0043361243
0	-0.96510553	-0.18215896	0.0027978485	-0.14176925	-0.1520289	0.0072590937	-0.7319507	-0.28666908	0.004403059
0	-0.9643449	-0.18410398	0.002840162	-0.14449559	-0.15495254	0.0073986943	-0.73075384	-0.28973004	0.0044696494
0	-0.963589	-0.18601377	0.002882258	-0.14722191	-0.15787615	0.007538292	-0.7295642	-0.29273555	0.0045358976
0	-0.9628378	-0.18788916	0.0029241382	-0.14994824	-0.1607998	0.00767789	-0.7283821	-0.29568693	0.0046018055
0	-0.9620917	-0.18973096	0.0029658023	-0.15267457	-0.16372345	0.007817487	-0.72720766	-0.29858539	0.0046673734
0	-0.9613503	-0.19153991	0.0030072522	-0.15540089	-0.16664706	0.007957085	-0.7260411	-0.30143222	0.004732605
0	-0.96061414	-0.19331685	0.0030484893	-0.15812723	-0.1695707	0.008096683	-0.7248824	-0.3042286	0.0047975006
0	-0.959883	-0.19506241	0.0030895146	-0.16085356	-0.1724943	0.008236282	-0.723732	-0.30697566	0.0048620636
0	-0.9591572	-0.1967774	0.003130329	-0.1635799	-0.17541796	0.008375879	-0.72258973	-0.30967456	0.004926294
0	-0.9584367	-0.19846247	0.003170933	-0.16630624	-0.17834161	0.008515477	-0.7214557	-0.31232643	0.004990194
0	-0.9577214	-0.20011833	0.0032113292	-0.16903256	-0.18126523	0.008655075	-0.7203302	-0.31493232	0.0050537665
0	-0.95701164	-0.20174564	0.0032515174	-0.17175889	-0.18418886	0.008794673	-0.7192132	-0.31749326	0.0051170117
0	-0.9563073	-0.20334503	0.0032915	-0.17448522	-0.18711247	0.0089342715	-0.7181047	-0.32001027	0.0051799337
0	-0.9556084	-0.20491716	0.003331277	-0.17721154	-0.19003616	0.009073869	-0.7170049	-0.3224844	0.005242532
0	-0.9549151	-0.20646259	0.00337085	-0.17993785	-0.19295977	0.009213467	-0.7159138	-0.3249165	0.005304809
0	-0.9542272	-0.20798199	0.0034102206	-0.18266422	-0.1958834	0.009353065	-0.71483135	-0.32730764	0.0053667678
0	-0.95354503	-0.20947592	0.003449389	-0.18539058	-0.19880702	0.009492663	-0.71375763	-0.32965863	0.005428409
0	-0.95286846	-0.2109449	0.0034883579	-0.1881169	-0.20173062	0.009632261	-0.71269274	-0.33197042	0.005489735
0	-0.9521972	-0.21238953	0.003527127	-0.19084321	-0.20465432	0.00977186	-0.71163666	-0.33424383	0.005550747
0	-0.95153177	-0.21381034	0.003565698	-0.19356954	-0.20757793	0.009911456	-0.7105893	-0.3364798	0.005611448
0	-0.9508718	-0.2152078	0.003604072	-0.19629587	-0.21050155	0.010051056	-0.70955086	-0.33867908	0.005671838
0	-0.9502176	-0.21658252	0.0036422503	-0.19902219	-0.21342517	0.010190652	-0.7085211	-0.34084252	0.0057319202
0	-0.9495688	-0.21793494	0.0036802338	-0.2017485	-0.21634887	0.010330251	-0.7075001	-0.34297085	0.0057916963
0	-0.9489257	-0.21926552	0.0037180244	-0.20447491	-0.21927248	0.010469847	-0.70648795	-0.34506482	0.005851168
0	-0.94828796	-0.22057478	0.003755622	-0.20720123	-0.22219609	0.010609447	-0.7054845	-0.34712526	0.005910337
0	-0.947656	-0.22186317	0.003793029	-0.20992754	-0.22511972	0.010749043	-0.70448977	-0.34915283	0.0059692054
0	-0.94702935	-0.22313112	0.0038302457	-0.21265386	-0.22804333	0.010888643	-0.7035038	-0.35114825	0.0060277744
0	-0.9464083	-0.22437908	0.0038672746	-0.21538019	-0.23096703	0.011028241	-0.7025264	-0.3531122	0.006086047
0	-0.94579273	-0.22560747	0.0039041145	-0.21810652	-0.23389064	0.011167839	-0.7015577	-0.35504538	0.006144024
0	-0.9451827	-0.2268167	0.003940768	-0.22083284	-0.23681425	0.011307437	-0.70059747	-0.35694832	0.006201707
0	-0.94457793	-0.22800718	0.0039772373	-0.22355916	-0.23973788	0.011447035	-0.6996459	-0.35882184	0.0062590986
0	-0.9439787	-0.22917931	0.004013521	-0.22628547	-0.24266149	0.011586633	-0.69870275	-0.36066645	0.006316201
0	-0.9433848	-0.23033342	0.004049623	-0.22901188	-0.24558519	0.011726231	-0.69776803	-0.36248273	0.006373015
0	-0.9427961	-0.23146997	0.004085542	-0.2317382	-0.2485088	0.011865831	-0.6968417	-0.36427137	0.006429542
0	-0.94221276	-0.2325893	0.0041212807	-0.23446453	-0.25143242	0.012005427	-0.6959238	-0.36603287	0.0064857854
0	-0.9416348	-0.23369174	0.00415684	-0.23719086	-0.25435606	0.012145027	-0.6950142	-0.3677678	0.0065417453
0	-0.94106203	-0.23477766	0.0041922214	-0.23991717	-0.25727966	0.0122846225	-0.6941128	-0.36947674	0.006597426
0	-0.94049436	-0.23584734	0.0042274245	-0.24264349	-0.26020333	0.012424222	-0.6932195	-0.37116015	0.0066528264
0	-0.9399319	-0.2369012	0.0042624506	-0.2453699	-0.26312694	0.012563818	-0.69233435	-0.37281862	0.006707949
0	-0.93937457	-0.23793949	0.004297303	-0.24809621	-0.26605058	0.012703418	-0.69145715	-0.37445262	0.006762797
0	-0.9388224	-0.23896258	0.0043319813	-0.2508225	-0.2689742	0.012843014	-0.6905881	-0.37606272	0.00681737
0	-0.93827504	-0.23997077	0.004366486	-0.25354883	-0.27189782	0.012982613	-0.68972695	-0.3776493	0.0068716714
0	-0.9377329	-0.2409643	0.004400819	-0.25627518	-0.2748215	0.013122209	-0.6888735	-0.37921283	0.0069257035
0	-0.93719554	-0.24194348	0.004434982	-0.2590015	-0.2777451	0.013261809	-0.68802804	-0.38075387	0.006979466
0	-0.9366632	-0.24290867	0.0044689747	-0.26172784	-0.28066874	0.013401405	-0.6871901	-0.38227278	0.0070329616
0	-0.93613565	-0.24386005	0.0045027994	-0.26445416	-0.28359237	0.013541005	-0.68635994	-0.38377	0.0070861913
0	-0.9356129	-0.24479795	0.0045364564	-0.26718047	-0.28651598	0.013680601	-0.68553734	-0.385246	0.0071391594
0	-0.93509495	-0.24572262	0.004569947	-0.2699068	-0.28943965	0.013820201	-0.6847223	-0.38670117	0.007191865
0	-0.9345818	-0.24663427	0.004603272	-0.27263317	-0.2923633	0.013959796	-0.68391466	-0.38813588	0.00724431
0	-0.93407327	-0.24753323	0.004636434	-0.27535948	-0.2952869	0.014099397	-0.6831143	-0.3895506	0.007296497
0	-0.9335694	-0.2484197	0.004669432	-0.27808583	-0.29821053	0.014238997	-0.6823214	-0.39094567	0.0073484266
0	-0.9330701	-0.24929398	0.0047022677	-0.28081214	-0.30113414	0.014378592	-0.68153566	-0.39232153	0.0074001015
0	-0.93257535	-0.25015622	0.004734943	-0.2835385	-0.3040578	0.014518187	-0.6807571	-0.39367843	0.007451524
0	-0.9320852	-0.25100666	0.004767458	-0.2862648	-0.30698144	0.014657789	-0.67998564	-0.39501685	0.0075026946
0	-0.93159944	-0.25184557	0.004799814	-0.28899118	-0.30990508	0.014797389	-0.67922115	-0.39633706	0.007553614
0	-0.9311182	-0.25267315	0.004832013	-0.2917175	-0.3128287	0.0149369845	-0.6784637	-0.39763942	0.0076042856
0	-0.9306412	-0.25348958	0.0048640543	-0.29444382	-0.3157523	0.015076584	-0.67771316	-0.3989243	0.0076547107
0	-0.9301685	-0.25429514	0.00489594	-0.29717013	-0.31867597	0.01521618	-0.67696947	-0.400192	0.00770489
0	-0.9297003	-0.25508994	0.0049276706	-0.29989648	-0.3215996	0.01535578	-0.67623234	-0.40144286	0.007754825
0	-0.92923623	-0.25587425	0.0049592475	-0.3026228	-0.32452324	0.015495376	-0.675502	-0.40267712	0.00780452
0	-0.9287762	-0.25664824	0.004990672	-0.30534914	-0.3274469	0.015634974	-0.6747783	-0.40389517	0.007853973
0	-0.9283206	-0.2574121	0.005021944	-0.30807546	-0.33037046	0.015774572	-0.6740611	-0.40509725	0.007903187
0	-0.92786896	-0.25816602	0.005053066	-0.31080177	-0.33329412	0.01591417	-0.6733504	-0.40628374	0.007952164
0	-0.9274214	-0.25891018	0.0050840373	-0.31352815	-0.33621776	0.016053768	-0.6726461	-0.40745485	0.008000905
0	-0.9269779	-0.25964478	0.0051148604	-0.31625447	-0.3391414	0.016193366	-0.6719481	-0.40861088	0.008049412
0	-0.9265383	-0.26036996	0.005145536	-0.3189808	-0.34206507	0.016332967	-0.67125636	-0.4097521	0.008097687
0	-0.92610276	-0.26108587	0.005176065	-0.32170713	-0.3449886	0.016472563	-0.67057085	-0.4108788	0.008145731
0	-0.92567104	-0.2617927	0.005206446	-0.32443348	-0.34791228	0.01661216	-0.6698914	-0.41199115	0.008193543
0	-0.92524314	-0.26249066	0.0052366834	-0.3271598	-0.35083592	0.016751759	-0.6692182	-0.4130895	0.008241129
0	-0.9248192	-0.26317984	0.005266777	-0.32988617	-0.35375956	0.016891358	-0.66855085	-0.41417414	0.008288487
0	-0.9243989	-0.26386037	0.005296727	-0.33261248	-0.35668322	0.017030954	-0.6678895	-0.41524515	0.008335621
0	-0.9239823	-0.2645325	0.005326535	-0.3353388	-0.35960677	0.01717055	-0.66723394	-0.41630286	0.008382531
0	-0.9235695	-0.26519635	0.005356202	-0.33806512	-0.36253047	0.01731015	-0.6665843	-0.41734752	0.008429218
0	-0.9231603	-0.26585194	0.005385728	-0.34079146	-0.36545408	0.01744975	-0.66594034	-0.41837934	0.008475685
0	-0.92356944	-0.26519653	0.0053562014	-0.33806512	-0.36253047	0.01731015	-0.6665841	-0.41734785	0.008429218
0	-0.9239822	-0.26453272	0.0053265346	-0.3353388	-0.35960677	0.01717055	-0.66723377	-0.41630322	0.00838253
0	-0.92439884	-0.2638606	0.0052967267	-0.33261248	-0.35668322	0.017030954	-0.66788924	-0.41524547	0.00833562
0	-0.92481905	-0.26318	0.005266777	-0.32988617	-0.35375956	0.016891358	-0.66855067	-0.41417444	0.008288487
0	-0.925243	-0.26249084	0.0052366834	-0.3271598	-0.35083592	0.016751759	-0.66921794	-0.41308984	0.008241128
0	-0.92567086	-0.26179293	0.005206446	-0.32443348	-0.34791228	0.01661216	-0.6698913	-0.4119915	0.008193543
0	-0.92610264	-0.26108605	0.005176064	-0.32170713	-0.3449886	0.016472563	-0.6705707	-0.41087914	0.00814573
0	-0.9265382	-0.26037014	0.005145536	-0.3189808	-0.34206507	0.016332967	-0.6712562	-0.40975243	0.008097687
0	-0.9269777	-0.259645	0.0051148604	-0.31625447	-0.3391414	0.016193366	-0.6719479	-0.4086112	0.008049413
0	-0.92742133	-0.2589104	0.0050840373	-0.31352815	-0.33621776	0.016053768	-0.6726459	-0.40745515	0.008000904
0	-0.9278689	-0.25816622	0.005053066	-0.31080177	-0.33329412	0.01591417	-0.6733503	-0.40628406	0.007952164
0	-0.9283205	-0.25741225	0.005021944	-0.30807546	-0.33037046	0.015774572	-0.67406094	-0.40509754	0.007903187
0	-0.92877614	-0.25664842	0.004990672	-0.30534914	-0.3274469	0.015634974	-0.67477816	-0.40389547	0.007853972
0	-0.92923605	-0.25587443	0.0049592475	-0.3026228	-0.32452324	0.015495376	-0.67550194	-0.40267736	0.0078045186
0	-0.92970014	-0.25509006	0.0049276706	-0.29989648	-0.3215996	0.01535578	-0.6762323	-0.401443	0.0077548255
0	-0.93016845	-0.25429523	0.0048959395	-0.29717013	-0.31867597	0.01521618	-0.67696923	-0.4001922	0.00770489
0	-0.9306411	-0.25348973	0.0048640543	-0.29444382	-0.3157523	0.015076584	-0.67771304	-0.39892447	0.0076547097
0	-0.93111813	-0.25267327	0.0048320126	-0.2917175	-0.3128287	0.0149369845	-0.67846364	-0.39763957	0.0076042856
0	-0.93159944	-0.2518457	0.004799814	-0.28899118	-0.30990508	0.014797389	-0.6792211	-0.3963372	0.0075536137
0	-0.9320851	-0.25100678	0.0047674584	-0.2862648	-0.30698144	0.014657789	-0.6799855	-0.39501706	0.007502694
0	-0.93257535	-0.25015634	0.0047349427	-0.2835385	-0.3040578	0.014518187	-0.680757	-0.39367864	0.0074515236
0	-0.9330701	-0.24929407	0.004702268	-0.28081214	-0.30113414	0.014378592	-0.6815355	-0.3923217	0.007400102
0	-0.9335693	-0.24841985	0.0046694316	-0.27808583	-0.29821053	0.014238997	-0.68232125	-0.39094588	0.0073484275
0	-0.93407327	-0.24753337	0.004636434	-0.27535948	-0.2952869	0.014099397	-0.68311423	-0.38955078	0.007296497
0	-0.9345818	-0.24663441	0.0046032723	-0.27263317	-0.2923633	0.013959796	-0.6839145	-0.3881361	0.00724431
0	-0.93509495	-0.24572273	0.0045699473	-0.2699068	-0.28943965	0.013820201	-0.6847221	-0.38670135	0.0071918652
0	-0.93561286	-0.24479805	0.0045364564	-0.26718047	-0.28651598	0.013680601	-0.6855372	-0.3852462	0.0071391594
0	-0.9361356	-0.24386019	0.0045027994	-0.26445416	-0.28359237	0.013541005	-0.6863598	-0.3837702	0.0070861923
0	-0.9366631	-0.24290876	0.004468974	-0.26172784	-0.28066874	0.013401405	-0.68719006	-0.38227293	0.0070329616
0	-0.93719554	-0.24194361	0.004434982	-0.2590015	-0.2777451	0.013261809	-0.6880279	-0.38075405	0.006979466
0	-0.9377329	-0.24096441	0.0044008195	-0.25627518	-0.2748215	0.013122209	-0.68887347	-0.37921304	0.006925703
0	-0.9382749	-0.23997088	0.004366486	-0.25354883	-0.27189782	0.012982613	-0.6897268	-0.3776495	0.0068716714
0	-0.9388224	-0.23896271	0.004331981	-0.2508225	-0.2689742	0.012843014	-0.69058794	-0.3760629	0.0068173697
0	-0.93937457	-0.23793963	0.004297303	-0.24809621	-0.26605058	0.012703418	-0.69145715	-0.37445283	0.006762797
0	-0.93993187	-0.2369013	0.0042624515	-0.2453699	-0.26312694	0.012563818	-0.69233423	-0.3728188	0.0067079496
0	-0.9404945	-0.23584746	0.0042274245	-0.24264349	-0.26020333	0.012424222	-0.6932194	-0.3711603	0.0066528264
0	-0.9410619	-0.23477776	0.0041922205	-0.23991717	-0.25727966	0.0122846225	-0.69411266	-0.3694769	0.006597426
0	-0.9416347	-0.23369184	0.0041568405	-0.23719086	-0.25435606	0.012145027	-0.695014	-0.367768	0.0065417467
0	-0.9422128	-0.2325894	0.0041212807	-0.23446453	-0.25143242	0.012005427	-0.69592375	-0.36603302	0.006485786
0	-0.9427961	-0.23147008	0.0040855426	-0.2317382	-0.2485088	0.011865831	-0.6968417	-0.36427152	0.006429542
0	-0.94338477	-0.23033352	0.004049623	-0.22901188	-0.24558519	0.011726231	-0.69776803	-0.3624829	0.006373015
0	-0.94397855	-0.22917938	0.004013521	-0.22628547	-0.24266149	0.011586633	-0.69870275	-0.36066663	0.006316201
0	-0.9445779	-0.22800727	0.003977237	-0.22355916	-0.23973788	0.011447035	-0.6996458	-0.358822	0.0062590986
0	-0.9451827	-0.22681679	0.0039407685	-0.22083284	-0.23681425	0.011307437	-0.70059747	-0.3569485	0.006201707
0	-0.94579273	-0.22560756	0.0039041145	-0.21810652	-0.23389064	0.011167839	-0.70155764	-0.3550455	0.0061440235
0	-0.9464083	-0.2243792	0.0038672742	-0.21538019	-0.23096703	0.011028241	-0.7025263	-0.3531124	0.006086047
0	-0.9470293	-0.22313124	0.0038302455	-0.21265386	-0.22804333	0.010888643	-0.7035037	-0.3511484	0.0060277744
0	-0.94765586	-0.2218633	0.0037930293	-0.20992754	-0.22511972	0.010749043	-0.7044897	-0.34915304	0.0059692054
0	-0.94828796	-0.22057492	0.0037556223	-0.20720123	-0.22219609	0.010609447	-0.7054844	-0.34712544	0.005910338
0	-0.9489256	-0.21926564	0.0037180246	-0.20447491	-0.21927248	0.010469847	-0.7064879	-0.345065	0.0058511687
0	-0.9495687	-0.21793507	0.0036802338	-0.2017485	-0.21634887	0.010330251	-0.70750004	-0.34297106	0.0057916963
0	-0.9502175	-0.21658266	0.00364225	-0.19902219	-0.21342517	0.010190652	-0.708521	-0.34084272	0.00573192
0	-0.9508718	-0.21520795	0.003604072	-0.19629587	-0.21050155	0.010051056	-0.7095506	-0.33867925	0.005671838
0	-0.95153177	-0.21381041	0.003565698	-0.19356954	-0.20757793	0.009911456	-0.71058923	-0.33648	0.0056114476
0	-0.95219713	-0.21238968	0.0035271267	-0.19084321	-0.20465432	0.00977186	-0.71163654	-0.3342441	0.0055507477
0	-0.9528683	-0.21094503	0.0034883579	-0.1881169	-0.20173062	0.009632261	-0.7126927	-0.3319706	0.005489735
0	-0.953545	-0.20947604	0.0034493895	-0.18539058	-0.19880702	0.009492663	-0.7137576	-0.32965884	0.005428409
0	-0.9542272	-0.20798214	0.0034102204	-0.18266422	-0.1958834	0.009353065	-0.71483135	-0.32730782	0.0053667678
0	-0.9549151	-0.20646273	0.00337085	-0.17993785	-0.19295977	0.009213467	-0.71591365	-0.3249167	0.0053048097
0	-0.95560837	-0.2049173	0.0033312768	-0.17721154	-0.19003616	0.009073869	-0.7170048	-0.32248458	0.005242532
0	-0.95630723	-0.20334516	0.0032915	-0.17448522	-0.18711247	0.0089342715	-0.7181046	-0.32001048	0.0051799337
0	-0.95701164	-0.20174578	0.0032515174	-0.17175889	-0.18418886	0.008794673	-0.71921307	-0.31749344	0.005117012
0	-0.9577214	-0.20011847	0.0032113288	-0.16903256	-0.18126523	0.008655075	-0.7203301	-0.31493253	0.005053766
0	-0.95843655	-0.19846262	0.0031709333	-0.16630624	-0.17834161	0.008515477	-0.72145563	-0.31232664	0.004990194
0	-0.95915717	-0.19677754	0.0031303286	-0.1635799	-0.17541796	0.008375879	-0.7225896	-0.3096748	0.004926294
0	-0.959883	-0.19506256	0.0030895148	-0.16085356	-0.1724943	0.008236282	-0.7237319	-0.3069759	0.0048620636
0	-0.960614	-0.193317	0.0030484893	-0.15812723	-0.1695707	0.008096683	-0.7248823	-0.30422884	0.0047975006
0	-0.9613502	-0.19154006	0.0030072522	-0.15540089	-0.16664706	0.007957085	-0.72604096	-0.3014325	0.0047326046
0	-0.96209157	-0.18973112	0.0029658026	-0.15267457	-0.16372345	0.007817487	-0.72720754	-0.29858565	0.0046673734
0	-0.9628378	-0.18788935	0.002924138	-0.14994824	-0.1607998	0.00767789	-0.728382	-0.2956872	0.0046018055
0	-0.96358895	-0.18601395	0.0028822583	-0.14722191	-0.15787615	0.007538292	-0.729564	-0.29273584	0.0045358976
0	-0.96434486	-0.18410419	0.002840162	-0.14449559	-0.15495254	0.0073986943	-0.73075366	-0.28973037	0.0044696494
0	-0.9651055	-0.18215916	0.0027978485	-0.14176925	-0.1520289	0.0072590937	-0.7319506	-0.2866694	0.004403059
0	-0.96587056	-0.18017806	0.0027553157	-0.13904291	-0.14910527	0.0071194987	-0.73315454	-0.2835517	0.0043361243
0	-0.96663994	-0.17816006	0.0027125636	-0.13631658	-0.14618164	0.006979898	-0.73436534	-0.2803759	0.0042688437
0	-0.9674135	-0.17610416	0.00266959	-0.13359024	-0.14325799	0.0068403003	-0.73558277	-0.27714047	0.0042012157
0	-0.968191	-0.17400953	0.0026263953	-0.13086392	-0.14033437	0.0067007025	-0.7368065	-0.27384412	0.0041332385
0	-0.9689725	-0.17187522	0.0025829773	-0.12813759	-0.13741075	0.0065611047	-0.73803616	-0.27048528	0.00406491
0	-0.96975756	-0.16970025	0.002539335	-0.12541126	-0.1344871	0.006421507	-0.7392715	-0.26706246	0.003996229
0	-0.9705459	-0.1674836	0.0024954677	-0.12268495	-0.13156347	0.006281909	-0.74051225	-0.26357406	0.0039271936
0	-0.9713373	-0.16522431	0.0024513742	-0.11995859	-0.12863983	0.0061423113	-0.74175787	-0.26001853	0.0038578021
0	-0.97213167	-0.16292126	0.002407054	-0.11723226	-0.12571621	0.0060027135	-0.74300796	-0.25639415	0.0037880538
0	-0.9729286	-0.16057342	0.002362505	-0.11450594	-0.122792594	0.0058631157	-0.7442621	-0.2526993	0.0037179464
0	-0.9737278	-0.15817969	0.0023177275	-0.11177958	-0.11986894	0.0057235174	-0.7455199	-0.24893218	0.0036474785
0	-0.974529	-0.15573886	0.0022727202	-0.10905326	-0.11694532	0.0055839196	-0.7467806	-0.24509099	0.003576649
0	-0.97533166	-0.15324983	0.0022274817	-0.10632693	-0.11402167	0.0054443213	-0.74804384	-0.24117394	0.0035054558
0	-0.97613555	-0.15071139	0.0021820115	-0.103600614	-0.11109804	0.0053047235	-0.74930906	-0.2371791	0.0034338976
0	-0.9769402	-0.14812228	0.0021363087	-0.10087425	-0.108174436	0.0051651257	-0.7505753	-0.23310456	0.0033619741
0	-0.97774523	-0.14548126	0.0020903724	-0.098147936	-0.105250776	0.005025528	-0.75184226	-0.22894828	0.0032896826
0	-0.9785502	-0.142787	0.0020442023	-0.095421605	-0.10232716	0.00488593	-0.753109	-0.22470826	0.0032170233
0	-0.9793544	-0.14003819	0.0019977968	-0.09269529	-0.09940351	0.0047463314	-0.7543746	-0.22038236	0.0031439932
0	-0.98015755	-0.1372334	0.0019511561	-0.08996893	-0.096479885	0.0046067336	-0.75563854	-0.21596839	0.003070594
0	-0.9809589	-0.13437127	0.0019042791	-0.08724261	-0.09355623	0.0044671358	-0.7568996	-0.21146417	0.0029968226
0	-0.9817579	-0.13145028	0.0018571655	-0.08451628	-0.09063262	0.0043275375	-0.75815713	-0.20686732	0.0029226777
0	-0.98255396	-0.12846899	0.001809815	-0.08178995	-0.08770898	0.0041879397	-0.7594097	-0.20217559	0.002848161
0	-0.98334616	-0.12542588	0.0017622268	-0.07906362	-0.08478535	0.0040483414	-0.76065665	-0.19738652	0.00277327
0	-0.98413396	-0.12231929	0.0017144013	-0.076337285	-0.08186173	0.0039087436	-0.76189643	-0.1924976	0.0026980056
0	-0.9849165	-0.11914766	0.0016663377	-0.073610954	-0.078938074	0.003769146	-0.76312804	-0.18750629	0.0026223662
0	-0.9856931	-0.11590926	0.0016180367	-0.07088462	-0.07601445	0.0036295468	-0.76435006	-0.18240994	0.0025463535
0	-0.9864626	-0.11260242	0.0015694979	-0.06815829	-0.07309082	0.003489949	-0.7655609	-0.17720588	0.0024699667
0	-0.9872241	-0.109225355	0.0015207223	-0.06543196	-0.070167184	0.0033503512	-0.76675946	-0.17189127	0.002393207
0	-0.98797673	-0.1057762	0.0014717097	-0.06270563	-0.06724355	0.0032107534	-0.7679438	-0.16646326	0.0023160744
0	-0.98871917	-0.10225314	0.0014224617	-0.059979293	-0.064319916	0.0030711556	-0.7691122	-0.16091888	0.0022385714
0	-0.9894505	-0.098654196	0.0013729795	-0.05725297	-0.061396297	0.0029315578	-0.770263	-0.15525511	0.0021606996
0	-0.9901692	-0.09497741	0.0013232637	-0.05452663	-0.05847266	0.0027919598	-0.7713942	-0.14946884	0.0020824606
0	-0.99087423	-0.0912207	0.0012733168	-0.051800307	-0.05554902	0.0026523618	-0.7725036	-0.14355677	0.0020038574
0	-0.99156404	-0.08738196	0.001223141	-0.049073968	-0.052625388	0.002512764	-0.77358925	-0.13751565	0.0019248942
0	-0.9922372	-0.083459064	0.0011727387	-0.046347644	-0.049701754	0.0023731657	-0.77464855	-0.13134205	0.0018455744
0	-0.992892	-0.079449706	0.0011221136	-0.043621305	-0.046778116	0.0022335679	-0.7756792	-0.12503244	0.0017659041
0	-0.9935269	-0.075351626	0.0010712692	-0.040894974	-0.04385449	0.0020939698	-0.7766783	-0.11858316	0.0016858887
0	-0.99414	-0.071162455	0.0010202102	-0.038168643	-0.040930863	0.0019543718	-0.77764326	-0.11199053	0.0016055361
0	-0.9947294	-0.06687975	0.00096894236	-0.03544231	-0.038007226	0.0018147734	-0.7785708	-0.105250716	0.0015248541
0	-0.99529314	-0.062500976	0.00091747165	-0.03271598	-0.035083592	0.0016751756	-0.7794579	-0.09835969	0.0014438533
0	-0.99582887	-0.058023565	0.00086580584	-0.029989647	-0.032159958	0.0015355778	-0.78030103	-0.09131344	0.0013625451
0	-0.9963343	-0.053444862	0.0008139536	-0.027263315	-0.02923633	0.0013959799	-0.78109646	-0.084107816	0.0012809436
0	-0.9968069	-0.048762184	0.00076192425	-0.024536984	-0.026312694	0.001256382	-0.7818403	-0.07673854	0.0011990634
0	-0.99724424	-0.043972716	0.00070973	-0.021810653	-0.023389058	0.0011167839	-0.78252834	-0.0692012	0.0011169238
0	-0.99764323	-0.039073657	0.0006573837	-0.019084321	-0.020465432	0.0009771859	-0.7831562	-0.061491407	0.0010345448
0	-0.99800074	-0.034062106	0.00060490053	-0.01635799	-0.017541796	0.0008375878	-0.783719	-0.053604577	0.00095195044
0	-0.99831384	-0.028935164	0.00055229774	-0.013631658	-0.014618165	0.00069798995	-0.7842117	-0.045536153	0.0008691678
0	-0.9985788	-0.023689918	0.0004995949	-0.010905326	-0.011694529	0.00055839197	-0.78462857	-0.037281547	0.00078622776
0	-0.99879205	-0.018323427	0.00044681403	-0.008178995	-0.008770898	0.0004187939	-0.7849642	-0.028836133	0.0007031649
0	-0.9989496	-0.012832804	0.00039397978	-0.005452663	-0.0058472645	0.00027919599	-0.7852121	-0.020195374	0.000620018
0	-0.9990473	-0.0072152195	0.00034111954	-0.0027263316	-0.0029236323	0.00013959799	-0.7853659	-0.011354811	0.0005368302
0	-0.9990808	-0.0014679861	0.00028826264	2.8376588e-16	3.0430167e-16	-1.4529833e-17	-0.7854186	-0.002310214	0.00045364772
0	-0.9990453	0.0044115577	0.0002354415	0.0027263316	0.0029236323	-0.00013959799	-0.78536284	0.006942603	0.00037052148
0	-0.99893594	0.010425815	0.00018268974	0.005452663	0.0058472645	-0.00027919599	-0.7851907	0.016407423	0.0002875044
0	-0.9987476	0.016577056	0.0001300421	0.008178995	0.008770898	-0.0004187939	-0.78489417	0.026087817	0.00020465124
0	-0.9984748	0.022867324	7.753307e-05	0.010905326	0.011694529	-0.00055839197	-0.78446484	0.035987005	0.00012201615
0	-0.9981118	0.029298455	2.5195972e-05	0.013631658	0.014618165	-0.00069798995	-0.78389376	0.04610787	3.965168e-05
0	-0.9976531	0.03587216	-2.6938276e-05	0.01635799	0.017541796	-0.0008375878	-0.7831719	0.056453113	-4.2393574e-05
0	-0.9970926	0.04259001	-7.884285e-05	0.019084321	0.020465432	-0.0009771859	-0.7822897	0.0670252	-0.0001240774
0	-0.99642384	0.049453504	-0.00013049612	0.021810653	0.023389058	-0.0011167839	-0.7812373	0.077826485	-0.00020536574
0	-0.9956405	0.05646421	-0.00018188133	0.024536984	0.026312694	-0.001256382	-0.7800046	0.08885944	-0.00028623219
0	-0.99473584	0.063623756	-0.00023298834	0.027263315	0.02923633	-0.0013959799	-0.77858096	0.100126654	-0.00036666085
0	-0.99370265	0.07093403	-0.00028381153	0.029989647	0.032159958	-0.0015355778	-0.77695507	0.11163104	-0.00044664284
0	-0.9925335	0.078397244	-0.00033434835	0.03271598	0.035083592	-0.0016751756	-0.7751151	0.12337613	-0.00052617415
0	-0.99122036	0.086015835	-0.00038459987	0.03544231	0.038007226	-0.0018147734	-0.7730484	0.13536574	-0.0006052565
0	-0.98975426	0.093792744	-0.00043456646	0.038168643	0.040930863	-0.0019543718	-0.7707413	0.14760448	-0.00068389054
0	-0.9881264	0.10173103	-0.00048424926	0.040894974	0.04385449	-0.0020939698	-0.76817936	0.16009723	-0.0007620778
0	-0.9863263	0.10983431	-0.0005336463	0.043621305	0.046778116	-0.0022335679	-0.7653465	0.17284963	-0.0008398154
0	-0.9843432	0.11810617	-0.0005827545	0.046347644	0.049701754	-0.0023731657	-0.7622257	0.18586726	-0.00091709854
0	-0.9821652	0.12655061	-0.0006315663	0.049073968	0.052625388	-0.002512764	-0.75879806	0.19915654	-0.0009939151
0	-0.97977936	0.13517143	-0.0006800713	0.051800307	0.05554902	-0.0026523618	-0.7550434	0.2127234	-0.0010702489
0	-0.9771718	0.14397241	-0.0007282535	0.05452663	0.05847266	-0.0027919598	-0.75093967	0.22657374	-0.0011460747
0	-0.9743272	0.15295713	-0.0007760904	0.05725297	0.061396297	-0.0029315578	-0.7464631	0.24071328	-0.0012213571
0	-0.9712294	0.16212852	-0.0008235527	0.059979293	0.064319916	-0.0030711556	-0.741588	0.2551466	-0.0012960501
0	-0.9678609	0.17148863	-0.0008706072	0.06270563	0.06724355	-0.0032107534	-0.7362869	0.2698769	-0.0013701011
0	-0.96420324	0.18103756	-0.0009172261	0.06543196	0.070167184	-0.0033503512	-0.73053074	0.28490436	-0.0014434666
0	-0.9602375	0.19077313	-0.0009634076	0.06815829	0.07309082	-0.003489949	-0.7242897	0.3002255	-0.0015161439
0	-0.95594555	0.2006886	-0.001009215	0.07088462	0.07601445	-0.0036295468	-0.7175354	0.31582975	-0.0015882323
0	-0.95131004	0.21077356	-0.0010547992	0.073610954	0.078938074	-0.003769146	-0.7102405	0.33170074	-0.0016599696
0	-0.9463157	0.22101453	-0.0011003931	0.076337285	0.08186173	-0.0039087436	-0.70238084	0.3478173	-0.0017317219
0	-0.94094765	0.23139736	-0.0011462608	0.07906362	0.08478535	-0.0040483414	-0.69393283	0.36415708	-0.0018039054
0	-0.93519056	0.24190831	-0.0011926426	0.08178995	0.08770898	-0.0041879397	-0.68487257	0.38069847	-0.001876898
0	-0.9290283	0.25253415	-0.0012397185	0.08451628	0.09063262	-0.0043275375	-0.6751748	0.39742067	-0.0019509828
0	-0.9224435	0.26326066	-0.0012875795	0.08724261	0.09355623	-0.0044671358	-0.6648122	0.4143013	-0.0020263032
0	-0.9154196	0.27406982	-0.001336173	0.08996893	0.096479885	-0.0046067336	-0.65375847	0.43131202	-0.002102776
0	-0.9079444	0.28493407	-0.0013852366	0.09269529	0.09940351	-0.0047463314	-0.6419945	0.44840944	-0.0021799891
0	-0.90001917	0.29580986	-0.0014343432	0.095421605	0.10232716	-0.00488593	-0.6295223	0.46552503	-0.0022572696
0	-0.89165974	0.30664524	-0.0014831536	0.098147936	0.105250776	-0.005025528	-0.6163667	0.48257697	-0.002334084
0	-0.88288385	0.31739688	-0.0015316388	0.10087425	0.108174436	-0.0051651257	-0.6025561	0.49949715	-0.002410387
0	-0.8737023	0.32803577	-0.0015799745	0.103600614	0.11109804	-0.0053047235	-0.5881065	0.51623994	-0.002486454
0	-0.86411965	0.33853912	-0.0016283669	0.10632693	0.11402167	-0.0054443213	-0.5730261	0.5327693	-0.0025626107
0	-0.8541403	0.3488843	-0.0016769879	0.10905326	0.11694532	-0.0055839196	-0.5573214	0.54904985	-0.002639127
0	-0.8437712	0.35904622	-0.0017259788	0.11177958	0.11986894	-0.0057235174	-0.5410032	0.565042	-0.0027162256
0	-0.833024	0.36899632	-0.001775483	0.11450594	0.122792594	-0.0058631157	-0.5240901	0.58070076	-0.0027941316
0	-0.82191664	0.37870362	-0.0018256704	0.11723226	0.12571621	-0.0060027135	-0.50661004	0.5959774	-0.0028731131
0	-0.81047314	0.38813573	-0.0018767514	0.11995859	0.12863983	-0.0061423113	-0.48860103	0.610821	-0.002953501
0	-0.79872304	0.39726102	-0.0019289511	0.12268495	0.13156347	-0.006281909	-0.47010958	0.6251818	-0.0030356492
0	-0.78669995	0.40605065	-0.0019824598	0.12541126	0.1344871	-0.006421507	-0.45118845	0.63901424	-0.0031198575
0	-0.7744375	0.41448036	-0.0020373734	0.12813759	0.13741075	-0.0065611047	-0.43189058	0.65228033	-0.0032062763
0	-0.76196873	0.42253047	-0.0020936849	0.13086392	0.14033437	-0.0067007025	-0.41226822	0.6649491	-0.0032948956
0	-0.7493264	0.43018478	-0.0021513	0.13359024	0.14325799	-0.0068403003	-0.39237258	0.676995	-0.0033855664
0	-0.73654383	0.43742952	-0.0022100564	0.13631658	0.14618164	-0.006979898	-0.37225613	0.68839616	-0.0034780332
0	-0.72365546	0.44425306	-0.0022697407	0.13904291	0.14910527	-0.0071194987	-0.35197347	0.6991347	-0.0035719601
0	-0.7106979	0.45064622	-0.0023301379	0.14176925	0.1520289	-0.0072590937	-0.33158165	0.7091957	-0.0036670093
0	-0.6977095	0.45660126	-0.0023911316	0.14449559	0.15495254	-0.0073986943	-0.31114158	0.71856725	-0.0037629963
0	-0.6847317	0.4621123	-0.002452784	0.14722191	0.15787615	-0.007538292	-0.290718	0.72724026	-0.003860021
0	-0.6718066	0.4671765	-0.0025152906	0.14994824	0.1607998	-0.00767789	-0.27037728	0.7352099	-0.0039583896
0	-0.6589857	0.47179052	-0.0025787672	0.15267457	0.16372345	-0.007817487	-0.25020063	0.7424711	-0.0040582847
0	-0.64633536	0.47595233	-0.002642994	0.15540089	0.16664706	-0.007957085	-0.23029238	0.7490207	-0.00415936
0	-0.6339179	0.47967127	-0.0027075072	0.15812723	0.1695707	-0.008096683	-0.21075065	0.7548734	-0.0042608865
0	-0.6217711	0.4829689	-0.0027719534	0.16085356	0.1724943	-0.008236282	-0.19163491	0.7600628	-0.0043623075
0	-0.6099149	0.4858717	-0.0028361836	0.1635799	0.17541796	-0.008375879	-0.17297642	0.7646311	-0.0044633886
0	-0.5983616	0.488406	-0.0029001802	0.16630624	0.17834161	-0.008515477	-0.15479466	0.76861936	-0.0045641023
0	-0.5871201	0.49059752	-0.0029639807	0.16903256	0.18126523	-0.008655075	-0.13710362	0.77206826	-0.0046645068
0	-0.5761971	0.49247104	-0.0030276475	0.17175889	0.18418886	-0.008794673	-0.11991374	0.77501667	-0.004764701
0	-0.5655963	0.49405074	-0.0030912452	0.17448522	0.18711247	-0.0089342715	-0.10323082	0.7775028	-0.0048647868
0	-0.555319	0.49536002	-0.0031548243	0.17721154	0.19003616	-0.009073869	-0.08705724	0.77956307	-0.004964843
0	-0.54536384	0.49642134	-0.0032184168	0.17993785	0.19295977	-0.009213467	-0.07139045	0.7812334	-0.0050649196
0	-0.535728	0.4972559	-0.0032820262	0.18266422	0.1958834	-0.009353065	-0.056226175	0.7825469	-0.0051650247
0	-0.5264068	0.49788395	-0.0033456339	0.18539058	0.19880702	-0.009492663	-0.041557267	0.78353506	-0.005265126
0	-0.5173948	0.49832416	-0.0034091966	0.1881169	0.20173062	-0.009632261	-0.027374709	0.78422785	-0.005365156
0	-0.50868523	0.49859408	-0.0034726541	0.19084321	0.20465432	-0.00977186	-0.013668222	0.78465277	-0.005465022
0	-0.5002708	0.49871013	-0.0035359368	0.19356954	0.20757793	-0.009911456	-0.0004262135	0.78483546	-0.005564612
0	-0.49214363	0.4986873	-0.00359897	0.19629587	0.21050155	-0.010051056	0.012363786	0.7847994	-0.0056638084
0	-0.4842953	0.4985394	-0.0036616786	0.19902219	0.21342517	-0.010190652	0.024714885	0.78456664	-0.0057624946
0	-0.47671732	0.49827924	-0.0037239916	0.2017485	0.21634887	-0.010330251	0.03664065	0.7841573	-0.005860559
0	-0.46940085	0.49791867	-0.003785845	0.20447491	0.21927248	-0.010469847	0.048154872	0.7835897	-0.0059578996
0	-0.46233693	0.49746817	-0.003847183	0.20720123	0.22219609	-0.010609447	0.059271514	0.7828808	-0.006054429
0	-0.45551687	0.49693766	-0.003907958	0.20992754	0.22511972	-0.010749043	0.070004456	0.78204596	-0.006150072
0	-0.44893187	0.49633616	-0.0039681313	0.21265386	0.22804333	-0.010888643	0.08036743	0.78109926	-0.0062447693
0	-0.44257337	0.49567163	-0.004027673	0.21538019	0.23096703	-0.011028241	0.09037404	0.7800535	-0.0063384725
0	-0.43643284	0.4949516	-0.0040865606	0.21810652	0.23389064	-0.011167839	0.10003757	0.7789204	-0.006431144
0	-0.4305021	0.49418283	-0.004144777	0.22083284	0.23681425	-0.011307437	0.10937097	0.7777105	-0.0065227617
0	-0.42477307	0.49337134	-0.0042023123	0.22355916	0.23973788	-0.011447035	0.11838689	0.7764335	-0.0066133076
0	-0.4192381	0.49252284	-0.004259162	0.22628547	0.24266149	-0.011586633	0.12709755	0.7750982	-0.0067027733
0	-0.41388935	0.49164233	-0.0043153255	0.22901188	0.24558519	-0.011726231	0.13551494	0.77371246	-0.0067911595
0	-0.40871984	0.49073428	-0.004370803	0.2317382	0.2485088	-0.011865831	0.14365035	0.7722835	-0.006878466
0	-0.4037224	0.48980302	-0.0044256016	0.23446453	0.25143242	-0.012005427	0.15151498	0.770818	-0.006964704
0	-0.39889023	0.48885226	-0.004479729	0.23719086	0.25435606	-0.012145027	0.1591195	0.7693216	-0.0070498865
0	-0.39421687	0.48788536	-0.0045331935	0.23991717	0.25727966	-0.0122846225	0.16647415	0.7678	-0.007134025
0	-0.38969594	0.48690534	-0.004586008	0.24264349	0.26020333	-0.012424222	0.17358887	0.7662577	-0.0072171404
0	-0.38532147	0.4859151	-0.0046381806	0.2453699	0.26312694	-0.012563818	0.1804731	0.7646994	-0.0072992467
0	-0.3810876	0.484917	-0.0046897265	0.24809621	0.26605058	-0.012703418	0.18713601	0.7631287	-0.007380366
0	-0.3769889	0.4839135	-0.0047406578	0.2508225	0.2689742	-0.012843014	0.1935864	0.76154935	-0.0074605183
0	-0.37301978	0.48290634	-0.0047909883	0.25354883	0.27189782	-0.012982613	0.19983263	0.7599644	-0.0075397245
0	-0.3691752	0.4818975	-0.004840731	0.25627518	0.2748215	-0.013122209	0.20588292	0.7583768	-0.007618007
0	-0.36545038	0.4808886	-0.0048899003	0.2590015	0.2777451	-0.013261809	0.21174484	0.75678897	-0.0076953853
0	-0.36184043	0.47988102	-0.004938508	0.26172784	0.28066874	-0.013401405	0.21742593	0.7552034	-0.0077718804
0	-0.358341	0.4788762	-0.0049865674	0.26445416	0.28359237	-0.013541005	0.2229331	0.75362194	-0.007847513
0	-0.3549475	0.47787508	-0.0050340937	0.26718047	0.28651598	-0.013680601	0.22827348	0.7520466	-0.007922306
0	-0.35165614	0.4768789	-0.0050810976	0.2699068	0.28943965	-0.013820201	0.2334533	0.75047886	-0.007996277
0	-0.34846264	0.47588843	-0.005127591	0.27263317	0.2923633	-0.013959796	0.23847896	0.74892014	-0.008069446
0	-0.34536338	0.47490457	-0.0051735877	0.27535948	0.2952869	-0.014099397	0.24335632	0.7473718	-0.008141832
0	-0.34235477	0.47392794	-0.0052190986	0.27808583	0.29821053	-0.014238997	0.24809113	0.7458348	-0.008213455
0	-0.3394332	0.47295916	-0.005264136	0.28081214	0.30113414	-0.014378592	0.25268888	0.74431026	-0.008284331
0	-0.33659536	0.4719988	-0.00530871	0.2835385	0.3040578	-0.014518187	0.2571549	0.74279886	-0.0083544785
0	-0.33383814	0.47104737	-0.0053528324	0.2862648	0.30698144	-0.014657789	0.26149398	0.7413016	-0.008423915
0	-0.33115843	0.47010517	-0.0053965123	0.28899118	0.30990508	-0.014797389	0.26571113	0.7398188	-0.008492656
0	-0.32855332	0.46917257	-0.0054397606	0.2917175	0.3128287	-0.0149369845	0.26981083	0.73835117	-0.008560717
0	-0.32602012	0.4682499	-0.0054825866	0.29444382	0.3157523	-0.015076584	0.27379745	0.7368992	-0.008628114
0	-0.32355607	0.46733743	-0.005525	0.29717013	0.31867597	-0.01521618	0.2776752	0.735463	-0.008694861
0	-0.32115862	0.46643528	-0.005567009	0.29989648	0.3215996	-0.01535578	0.28144813	0.73404336	-0.008760973
0	-0.3188254	0.4655436	-0.005608624	0.3026228	0.32452324	-0.015495376	0.28511995	0.7326401	-0.008826463
0	-0.316554	0.46466255	-0.005649852	0.30534914	0.3274469	-0.015634974	0.28869456	0.7312536	-0.008891344
0	-0.3143422	0.4637922	-0.005690702	0.30807546	0.33037046	-0.015774572	0.29217535	0.7298839	-0.008955631
0	-0.3121879	0.46293268	-0.005731181	0.31080177	0.33329412	-0.01591417	0.2955656	0.72853124	-0.009019334
0	-0.31008902	0.4620839	-0.0057712966	0.31352815	0.33621776	-0.016053768	0.29886872	0.7271955	-0.0090824645
0	-0.30804357	0.461246	-0.0058110575	0.31625447	0.3391414	-0.016193366	0.3020876	0.7258768	-0.009145038
0	-0.30604982	0.4604189	-0.0058504697	0.3189808	0.34206507	-0.016332967	0.3052253	0.72457534	-0.0092070615
0	-0.30410576	0.45960265	-0.00588954	0.32170713	0.3449886	-0.016472563	0.30828473	0.72329074	-0.009268548
0	-0.3022097	0.45879713	-0.005928275	0.32443348	0.34791228	-0.01661216	0.3112686	0.722023	-0.009329507
0	-0.30036017	0.45800236	-0.005966681	0.3271598	0.35083592	-0.016751759	0.3141793	0.7207722	-0.009389948
0	-0.29855537	0.4572181	-0.0060047647	0.32988617	0.35375956	-0.016891358	0.31701952	0.7195381	-0.0094498815
0	-0.29679394	0.4564445	-0.0060425326	0.33261248	0.35668322	-0.017030954	0.31979153	0.7183206	-0.009509318
0	-0.29507437	0.45568132	-0.006079988	0.3353388	0.35960677	-0.01717055	0.3224977	0.71711963	-0.009568263
0	-0.2933953	0.45492867	-0.0061171395	0.33806512	0.36253047	-0.01731015	0.3251401	0.715935	-0.009626729
