# t (s)	mx ()	my ()	mz ()	B_extx (T)	B_exty (T)	B_extz (T)	m_zrange1_x ()	m_zrange1_y ()	m_zrange1_z ()
0	-0.9990808	-0.001467963	0.0002882627	0	0	0	-0.7854186	-0.0023101782	0.0004536478
0	-0.99905586	-0.0012087973	0.00023148928	0.003995128	0.00013951295	-0.00013959799	-0.78537965	-0.0019023212	0.00036430173
0	-0.9990297	-0.0009408335	0.00017434265	0.007990256	0.0002790259	-0.00027919599	-0.7853384	-0.0014806183	0.00027436836
0	-0.9990024	-0.0006636289	0.00011681951	0.011985384	0.0004185389	-0.0004187939	-0.78529507	-0.001044373	0.00018384244
0	-0.99897313	-0.0003766847	5.8915797e-05	0.015980512	0.0005580518	-0.00055839197	-0.7852495	-0.0005928002	9.2717586e-05
0	-0.99894255	-7.9449565e-05	6.281882e-07	0.01997564	0.00069756474	-0.00069798995	-0.7852011	-0.00012503218	9.885935e-07
0	-0.9989102	0.0002286512	-5.804753e-05	0.023970768	0.0008370778	-0.0008375878	-0.78515005	0.0003598353	-9.135116e-05
0	-0.99887586	0.00054824655	-0.000117114716	0.027965901	0.0009765906	-0.0009771859	-0.78509617	0.0008627923	-0.00018430699
0	-0.9988395	0.0008800224	-0.00017657745	0.031961024	0.0011161036	-0.0011167839	-0.78503907	0.0013849181	-0.0002778853
0	-0.99880105	0.0012247108	-0.00023643942	0.035956148	0.0012556165	-0.001256382	-0.7849784	0.0019273649	-0.0003720919
0	-0.9987602	0.001583112	-0.00029670467	0.03995128	0.0013951295	-0.0013959799	-0.78491414	0.0024913915	-0.00046693318
0	-0.9987169	0.0019561164	-0.00035737685	0.04394641	0.0015346425	-0.0015355778	-0.78484595	0.0030784	-0.0005624148
0	-0.9986707	0.0023446386	-0.00041845997	0.047941536	0.0016741556	-0.0016751756	-0.7847734	0.0036898293	-0.00065854314
0	-0.9986216	0.0027497294	-0.00047995758	0.05193666	0.0018136686	-0.0018147734	-0.784696	0.004327333	-0.0007553239
0	-0.99856925	0.00317248	-0.0005418737	0.055931803	0.001953181	-0.0019543718	-0.7846136	0.004992629	-0.0008527631
0	-0.99851334	0.0036141747	-0.00060421176	0.059926923	0.0020926942	-0.0020939698	-0.7845256	0.005687738	-0.0009508664
0	-0.9984535	0.0040761633	-0.00066697475	0.06392205	0.0022322072	-0.0022335679	-0.7844314	0.0064147823	-0.0010496385
0	-0.9983894	0.0045599197	-0.000730166	0.067917176	0.00237172	-0.0023731657	-0.7843307	0.0071760854	-0.0011490844
0	-0.99832076	0.0050670886	-0.0007937881	0.071912296	0.002511233	-0.002512764	-0.78422254	0.007974232	-0.0012492086
0	-0.9982469	0.0055994904	-0.0008578429	0.07590743	0.0026507454	-0.0026523618	-0.7841063	0.0088120885	-0.0013500134
0	-0.99816763	0.00615914	-0.0009223315	0.07990256	0.002790259	-0.0027919598	-0.7839813	0.009692826	-0.0014515013
0	-0.99808186	0.00674823	-0.0009872539	0.0838977	0.0029297716	-0.0029315578	-0.78384656	0.0106198955	-0.0015536714
0	-0.99798936	0.0073693404	-0.0010526084	0.08789282	0.003069285	-0.0030711556	-0.783701	0.011597356	-0.001656522
0	-0.9978892	0.008025018	-0.001118392	0.09188794	0.0032087977	-0.0032107534	-0.7835435	0.012629214	-0.0017600475
0	-0.9977807	0.008718494	-0.0011845984	0.09588307	0.0033483112	-0.0033503512	-0.7833727	0.013720559	-0.0018642385
0	-0.99766284	0.009453155	-0.0012512179	0.0998782	0.0034878238	-0.003489949	-0.78318715	0.014876719	-0.0019690797
0	-0.99753433	0.010232792	-0.0013182369	0.10387332	0.0036273373	-0.0036295468	-0.7829851	0.016103659	-0.0020745497
0	-0.9973944	0.011061775	-0.0013856359	0.10786844	0.0037668496	-0.003769146	-0.7827647	0.01740825	-0.0021806175
0	-0.99724126	0.011944819	-0.001453389	0.111863606	0.003906362	-0.0039087436	-0.7825238	0.018797927	-0.0022872426
0	-0.9970736	0.012887529	-0.0015214602	0.115858726	0.0040458753	-0.0040483414	-0.78225976	0.020281496	-0.0023943684
0	-0.9968893	0.0138960825	-0.001589804	0.11985385	0.0041853883	-0.0041879397	-0.7819699	0.021868689	-0.002501923
0	-0.9966866	0.014977392	-0.0016583619	0.123848975	0.0043249014	-0.0043275375	-0.78165084	0.023570377	-0.0026098145
0	-0.99646294	0.016139498	-0.0017270604	0.1278441	0.0044644144	-0.0044671358	-0.78129894	0.02539922	-0.0027179276
0	-0.99621594	0.017391235	-0.0017958146	0.13183923	0.0046039275	-0.0046067336	-0.78091	0.027369116	-0.0028261282
0	-0.995942	0.01874222	-0.0018645294	0.13583435	0.00474344	-0.0047463314	-0.78047925	0.029495202	-0.0029342668
0	-0.9956385	0.020203197	-0.0019331115	0.1398295	0.0048829536	-0.00488593	-0.7800014	0.03179439	-0.0030421964
0	-0.9953013	0.021783995	-0.0020014895	0.14382459	0.005022466	-0.005025528	-0.7794708	0.034282133	-0.003149805
0	-0.994927	0.023494758	-0.002069632	0.14781974	0.005161979	-0.0051651257	-0.7788817	0.03697442	-0.0032570432
0	-0.99451154	0.025346667	-0.0021375553	0.15181486	0.005301491	-0.0053047235	-0.7782279	0.03988882	-0.003363936
0	-0.9940508	0.027349897	-0.0022053153	0.15581	0.005441006	-0.0054443213	-0.7775028	0.043041367	-0.0034705717
0	-0.9935397	0.029519936	-0.00227296	0.15980512	0.005580518	-0.0055839196	-0.77669847	0.046456423	-0.003577026
0	-0.9929715	0.03187764	-0.0023405296	0.16380025	0.005720031	-0.0057235174	-0.77580434	0.05016681	-0.0036833629
0	-0.99233735	0.034454525	-0.0024080095	0.1677954	0.005859543	-0.0058631157	-0.77480614	0.05422213	-0.0037895583
0	-0.99162376	0.037296336	-0.0024753332	0.1717905	0.0059990566	-0.0060027135	-0.77368337	0.058694385	-0.0038955072
0	-0.9908111	0.04047228	-0.0025423623	0.17578565	0.00613857	-0.0061423113	-0.77240455	0.06369245	-0.004000993
0	-0.9898682	0.04407656	-0.0026089298	0.17978074	0.0062780827	-0.006281909	-0.7709205	0.06936462	-0.0041057523
0	-0.98874384	0.04823838	-0.0026749233	0.18377589	0.0064175953	-0.006421507	-0.769151	0.075914204	-0.0042096083
0	-0.9873541	0.05312567	-0.0027404986	0.18777102	0.0065571074	-0.0065611047	-0.7669639	0.08360548	-0.0043128063
0	-0.9855567	0.058986586	-0.0028062258	0.19176614	0.0066966224	-0.0067007025	-0.7641355	0.09282899	-0.004416243
0	-0.9831348	0.06615883	-0.002873048	0.19576131	0.0068361345	-0.0068403003	-0.76032394	0.10411617	-0.004521403
0	-0.9798065	0.07509236	-0.0029398848	0.1997564	0.0069756475	-0.006979898	-0.75508606	0.11817513	-0.004626586
0	-0.97464496	0.08761234	-0.0029915047	0.20375155	0.0071151596	-0.0071194987	-0.74696326	0.13787822	-0.004707822
0	-0.959882	0.114439875	-0.0030116797	0.20774664	0.0072546746	-0.0072590937	-0.7237303	0.18009749	-0.004739572
0	-0.0033683819	0.051800482	-0.0038746833	0.21174179	0.0073941867	-0.0073986943	0.7815643	0.08152	-0.0060977065
0	-0.0031515267	0.05008344	-0.003926949	0.21573688	0.0075336993	-0.007538292	0.7819056	0.07881784	-0.006179959
0	-0.0029616635	0.04853055	-0.0039788457	0.21973205	0.007673212	-0.00767789	0.7822044	0.076374	-0.006261631
0	-0.0027942513	0.047119178	-0.0040303697	0.22372721	0.007812724	-0.007817487	0.7824679	0.07415289	-0.006342716
0	-0.002645694	0.04583088	-0.004081519	0.2277223	0.007952238	-0.007957085	0.7827016	0.07212545	-0.0064232103
0	-0.0025130932	0.04465009	-0.0041322922	0.23171745	0.008091751	-0.008096683	0.78291035	0.07026721	-0.0065031145
0	-0.0023941114	0.04356396	-0.0041826917	0.23571254	0.008231264	-0.008236282	0.7830975	0.06855793	-0.006582429
0	-0.0022868337	0.042561512	-0.0042327153	0.2397077	0.008370777	-0.008375879	0.7832664	0.06698035	-0.0066611534
0	-0.0021896812	0.041633446	-0.004282369	0.24370278	0.008510291	-0.008515477	0.78341925	0.06551983	-0.006739294
0	-0.0021013229	0.040771656	-0.0043316516	0.24769795	0.008649803	-0.008655075	0.78355837	0.064163595	-0.006816852
0	-0.0020206745	0.03996939	-0.0043805675	0.25169304	0.008789316	-0.008794673	0.78368527	0.06290105	-0.0068938322
0	-0.0019468011	0.03922066	-0.0044291196	0.2556882	0.008928829	-0.0089342715	0.7838015	0.061722748	-0.0069702407
0	-0.0018789103	0.03852024	-0.0044773114	0.25968334	0.009068341	-0.009073869	0.78390837	0.06062047	-0.0070460807
0	-0.0018163337	0.037863635	-0.0045251446	0.26367846	0.009207855	-0.009213467	0.78400683	0.05958716	-0.007121358
0	-0.0017584827	0.037246745	-0.004572625	0.26767358	0.009347367	-0.009353065	0.7840979	0.05861634	-0.007196079
0	-0.0017048678	0.036666173	-0.0046197544	0.2716687	0.00948688	-0.009492663	0.78418225	0.05770268	-0.007270248
0	-0.0016550522	0.036118742	-0.004666537	0.27566385	0.009626393	-0.009632261	0.78426063	0.056841165	-0.0073438715
0	-0.0016086645	0.03560173	-0.004712977	0.279659	0.009765907	-0.00977186	0.7843336	0.05602753	-0.007416955
0	-0.0015653695	0.035112627	-0.004759077	0.2836541	0.009905419	-0.009911456	0.7844018	0.055257812	-0.0074895043
0	-0.0015248748	0.034649234	-0.0048048412	0.28764918	0.010044932	-0.010051056	0.7844655	0.054528553	-0.0075615253
0	-0.0014869269	0.034209486	-0.0048502726	0.29164436	0.010184445	-0.010190652	0.7845252	0.053836502	-0.007633023
0	-0.0014513155	0.03379189	-0.0048953765	0.2956395	0.010323958	-0.010330251	0.7845812	0.053179327	-0.007704003
0	-0.0014178212	0.033394538	-0.004940155	0.2996346	0.01046347	-0.010469847	0.78463393	0.052554004	-0.0077744727
0	-0.0013862721	0.03301607	-0.0049846116	0.30362973	0.010602982	-0.010609447	0.7846836	0.0519584	-0.007844435
0	-0.0013565121	0.032655194	-0.00502875	0.30762485	0.010742497	-0.010749043	0.7847304	0.051390477	-0.007913897
0	-0.0013283993	0.03231076	-0.005072573	0.31162	0.010882012	-0.010888643	0.7847747	0.050848424	-0.007982863
0	-0.0013017934	0.03198152	-0.0051160865	0.31561515	0.011021524	-0.011028241	0.78481656	0.050330292	-0.008051341
0	-0.0012765937	0.031666614	-0.005159291	0.31961024	0.011161036	-0.011167839	0.7848562	0.049834717	-0.008119334
0	-0.0012526888	0.031365063	-0.0052021914	0.3236054	0.011300549	-0.011307437	0.78489375	0.049360156	-0.008186847
0	-0.0012299884	0.031076109	-0.00524479	0.3276005	0.011440062	-0.011447035	0.7849295	0.048905417	-0.008253886
0	-0.0012084034	0.030798888	-0.0052870903	0.33159563	0.011579574	-0.011586633	0.78496355	0.04846915	-0.008320455
0	-0.0011878583	0.030532733	-0.005329097	0.3355908	0.011719086	-0.011726231	0.78499585	0.048050296	-0.008386563
0	-0.001168282	0.030277027	-0.005370811	0.3395859	0.011858598	-0.011865831	0.7850267	0.04764788	-0.008452209
0	-0.0011496084	0.030031104	-0.0054122363	0.343581	0.011998113	-0.012005427	0.785056	0.047260866	-0.008517401
0	-0.0011317843	0.02979448	-0.0054533766	0.34757614	0.012137628	-0.012145027	0.7850841	0.046888478	-0.008582144
0	-0.0011147433	0.029566562	-0.005494234	0.3515713	0.01227714	-0.0122846225	0.785111	0.0465298	-0.0086464435
0	-0.0010984573	0.029347079	-0.005534812	0.35556647	0.012416652	-0.012424222	0.7851366	0.04618439	-0.008710302
0	-0.0010828442	0.029135078	-0.0055751125	0.35956147	0.012556165	-0.012563818	0.78516114	0.04585076	-0.008773725
0	-0.001067897	0.02893068	-0.00561514	0.36355665	0.0126956785	-0.012703418	0.7851846	0.045529097	-0.008836716
0	-0.0010535632	0.028733337	-0.005654896	0.36755177	0.012835191	-0.012843014	0.78520715	0.045218524	-0.008899284
0	-0.0010398129	0.028542692	-0.0056943838	0.37154695	0.012974703	-0.012982613	0.78522885	0.044918507	-0.008961425
0	-0.0010266061	0.028358383	-0.0057336073	0.37554204	0.013114215	-0.013122209	0.7852497	0.04462845	-0.009023152
0	-0.0010139125	0.02818005	-0.0057725674	0.37953714	0.013253733	-0.013261809	0.7852696	0.0443478	-0.009084464
0	-0.0010017089	0.028007517	-0.005811267	0.3835323	0.013393245	-0.013401405	0.78528875	0.044076286	-0.009145368
0	-0.0009899623	0.027840378	-0.0058497093	0.38752744	0.013532757	-0.013541005	0.78530735	0.04381325	-0.009205866
0	-0.0009786529	0.027678482	-0.005887897	0.39152262	0.013672269	-0.013680601	0.7853251	0.04355847	-0.009265962
0	-0.00096775795	0.027521579	-0.005925833	0.39551762	0.013811782	-0.013820201	0.7853422	0.04331155	-0.009325664
0	-0.00095725415	0.0273694	-0.0059635183	0.3995128	0.013951295	-0.013959796	0.7853587	0.04307206	-0.00938497
0	-0.0009471214	0.02722175	-0.0060009565	0.40350795	0.014090807	-0.014099397	0.78537464	0.0428397	-0.009443888
0	-0.0009373487	0.027078493	-0.0060381503	0.4075031	0.014230319	-0.014238997	0.78539014	0.04261425	-0.009502421
0	-0.0009279016	0.026939286	-0.0060751014	0.4114981	0.014369831	-0.014378592	0.785405	0.042395175	-0.009560572
0	-0.0009187769	0.026804062	-0.0061118132	0.41549328	0.014509349	-0.014518187	0.78541934	0.042182364	-0.0096183475
0	-0.0009099596	0.026672676	-0.0061482885	0.41948846	0.014648861	-0.014657789	0.78543323	0.041975603	-0.009675749
0	-0.00090142863	0.026544865	-0.0061845267	0.42348358	0.014788373	-0.014797389	0.7854466	0.041774467	-0.009732778
0	-0.00089318294	0.026420707	-0.006220532	0.42747876	0.0149278855	-0.0149369845	0.7854596	0.041579068	-0.009789442
0	-0.0008851976	0.026299832	-0.0062563075	0.43147376	0.015067399	-0.015076584	0.78547215	0.04138885	-0.009845741
0	-0.0008774563	0.026182009	-0.0062918537	0.43546894	0.015206912	-0.01521618	0.7854844	0.041203424	-0.009901683
0	-0.00086996204	0.02606743	-0.0063271755	0.4394641	0.015346424	-0.01535578	0.7854961	0.04102311	-0.009957269
0	-0.0008626962	0.025955731	-0.006362272	0.44345924	0.015485936	-0.015495376	0.7855076	0.040847324	-0.010012501
0	-0.0008556537	0.025846984	-0.0063971467	0.44745442	0.015625449	-0.015634974	0.78551865	0.040676188	-0.010067385
0	-0.00084882224	0.025740921	-0.0064318017	0.45144942	0.015764965	-0.015774572	0.7855294	0.04050927	-0.010121922
0	-0.00084219547	0.025637597	-0.0064662397	0.4554446	0.015904477	-0.01591417	0.7855398	0.040346667	-0.010176118
0	-0.0008357555	0.0255367	-0.00650046	0.45943972	0.016043989	-0.016053768	0.78555	0.04018788	-0.010229972
0	-0.0008295072	0.025438322	-0.006534469	0.4634349	0.016183501	-0.016193366	0.7855598	0.040033065	-0.010283493
0	-0.00082343415	0.025342261	-0.006568266	0.46743008	0.016323015	-0.016332967	0.7855694	0.03988189	-0.01033668
0	-0.0008175415	0.025248611	-0.0066018533	0.4714251	0.016462527	-0.016472563	0.7855787	0.03973451	-0.010389538
0	-0.0008117988	0.025156938	-0.0066352333	0.47542024	0.016602041	-0.01661216	0.78558767	0.03959024	-0.010442069
0	-0.00080622185	0.025067523	-0.0066684056	0.4794154	0.016741553	-0.016751759	0.7855965	0.03944952	-0.010494273
0	-0.0008008056	0.02498029	-0.0067013763	0.48341057	0.016881065	-0.016891358	0.78560495	0.039312243	-0.010546161
0	-0.00079551723	0.024894735	-0.0067341453	0.48740557	0.017020581	-0.017030954	0.7856133	0.0391776	-0.01059773
0	-0.00079038576	0.024811378	-0.006766713	0.49140075	0.017160093	-0.01717055	0.7856214	0.039046418	-0.010648983
0	-0.00078538066	0.024729688	-0.006799083	0.4953959	0.017299606	-0.01731015	0.7856292	0.038917862	-0.010699924
0	-0.0007805136	0.024649924	-0.006831257	0.49939105	0.017439118	-0.01744975	0.78563684	0.038792334	-0.010750557
0	-0.0007853751	0.024729533	-0.006799083	0.4953959	0.017299606	-0.01731015	0.7856293	0.038917616	-0.010699925
0	-0.0007903772	0.02481117	-0.006766713	0.49140075	0.017160093	-0.01717055	0.7856214	0.03904609	-0.010648983
0	-0.0007955095	0.024894599	-0.0067341444	0.48740557	0.017020581	-0.017030954	0.7856133	0.039177384	-0.010597728
0	-0.00080079184	0.024980038	-0.0067013768	0.48341057	0.016881065	-0.016891358	0.785605	0.039311852	-0.01054616
0	-0.000806208	0.025067287	-0.006668407	0.4794154	0.016741553	-0.016751759	0.7855965	0.03944915	-0.010494275
0	-0.0008117951	0.025156872	-0.006635233	0.47542024	0.016602041	-0.01661216	0.78558767	0.039590135	-0.010442068
0	-0.00081753015	0.025248386	-0.0066018533	0.4714251	0.016462527	-0.016472563	0.78557867	0.039734147	-0.010389538
0	-0.0008234264	0.02534212	-0.006568266	0.46743008	0.016323015	-0.016332967	0.7855694	0.039881665	-0.01033668
0	-0.00082949986	0.025438158	-0.006534469	0.4634349	0.016183501	-0.016193366	0.7855598	0.040032808	-0.0102834925
0	-0.0008357487	0.025536519	-0.0065004607	0.45943972	0.016043989	-0.016053768	0.78555	0.040187597	-0.010229973
0	-0.0008421845	0.025637364	-0.006466239	0.4554446	0.015904477	-0.01591417	0.78553987	0.040346302	-0.0101761175
0	-0.00084881164	0.025740756	-0.0064318017	0.45144942	0.015764965	-0.015774572	0.78552943	0.040509015	-0.010121921
0	-0.0008556473	0.025846813	-0.0063971453	0.44745442	0.015625449	-0.015634974	0.7855187	0.040675912	-0.010067382
0	-0.0008626915	0.025955634	-0.006362272	0.44345924	0.015485936	-0.015495376	0.78550756	0.04084717	-0.010012501
0	-0.0008699528	0.026067208	-0.0063271755	0.4394641	0.015346424	-0.01535578	0.7854961	0.04102276	-0.009957269
0	-0.0008774393	0.026181724	-0.006291854	0.43546894	0.015206912	-0.01521618	0.78548443	0.041202977	-0.009901684
0	-0.00088518177	0.026299508	-0.0062563084	0.43147376	0.015067399	-0.015076584	0.78547215	0.041388337	-0.009845742
0	-0.00089316675	0.02642041	-0.0062205326	0.42747876	0.0149278855	-0.0149369845	0.78545964	0.041578606	-0.009789442
0	-0.00090142194	0.02654472	-0.0061845267	0.42348358	0.014788373	-0.014797389	0.7854466	0.041774236	-0.009732779
0	-0.0009099495	0.026672486	-0.0061482885	0.41948846	0.014648861	-0.014657789	0.78543323	0.041975304	-0.009675749
0	-0.0009187698	0.026803901	-0.0061118137	0.41549328	0.014509349	-0.014518187	0.78541934	0.042182118	-0.0096183475
0	-0.0009278917	0.026939057	-0.006075103	0.4114981	0.014369831	-0.014378592	0.785405	0.042394813	-0.009560574
0	-0.0009373358	0.02707827	-0.0060381503	0.4075031	0.014230319	-0.014238997	0.78539014	0.0426139	-0.009502422
0	-0.00094710675	0.027221488	-0.0060009565	0.40350795	0.014090807	-0.014099397	0.78537476	0.042839285	-0.0094438875
0	-0.00095724565	0.027369225	-0.0059635174	0.3995128	0.013951295	-0.013959796	0.7853587	0.04307178	-0.009384969
0	-0.00096774654	0.027521325	-0.005925833	0.39551762	0.013811782	-0.013820201	0.7853422	0.043311145	-0.009325664
0	-0.0009786391	0.027678201	-0.0058878963	0.39152262	0.013672269	-0.013680601	0.78532517	0.04355803	-0.009265962
0	-0.0009899512	0.02784016	-0.005849709	0.38752744	0.013532757	-0.013541005	0.78530735	0.04381291	-0.009205865
0	-0.0010016899	0.02800719	-0.0058112666	0.3835323	0.013393245	-0.013401405	0.7852888	0.044075772	-0.009145368
0	-0.0010139014	0.028179858	-0.0057725674	0.37953714	0.013253733	-0.013261809	0.7852696	0.044347502	-0.009084464
0	-0.0010265929	0.028358165	-0.005733608	0.37554204	0.013114215	-0.013122209	0.7852497	0.04462811	-0.009023152
0	-0.0010398012	0.028542498	-0.0056943838	0.37154695	0.012974703	-0.012982613	0.78522885	0.044918194	-0.008961425
0	-0.0010535547	0.028733175	-0.005654896	0.36755177	0.012835191	-0.012843014	0.7852072	0.045218274	-0.008899283
0	-0.0010678893	0.028930558	-0.0056151403	0.36355665	0.0126956785	-0.012703418	0.7851847	0.0455289	-0.008836716
0	-0.0010828328	0.029134886	-0.005575113	0.35956147	0.012556165	-0.012563818	0.7851611	0.04585046	-0.0087737255
0	-0.0010984328	0.029346708	-0.0055348114	0.35556647	0.012416652	-0.012424222	0.7851366	0.04618381	-0.008710302
0	-0.0011147305	0.029566314	-0.005494234	0.3515713	0.01227714	-0.0122846225	0.785111	0.046529412	-0.0086464435
0	-0.0011317672	0.029794252	-0.0054533766	0.34757614	0.012137628	-0.012145027	0.7850841	0.046888124	-0.008582145
0	-0.001149596	0.030030878	-0.0054122363	0.343581	0.011998113	-0.012005427	0.78505605	0.047260508	-0.008517402
0	-0.001168267	0.03027675	-0.005370811	0.3395859	0.011858598	-0.011865831	0.7850267	0.04764744	-0.008452209
0	-0.0011878436	0.030532485	-0.005329097	0.3355908	0.011719086	-0.011726231	0.784996	0.0480499	-0.008386563
0	-0.0012083896	0.030798627	-0.0052870903	0.33159563	0.011579574	-0.011586633	0.78496355	0.04846874	-0.008320455
0	-0.0012299553	0.031075573	-0.0052447896	0.3276005	0.011440062	-0.011447035	0.78492963	0.048904575	-0.008253886
0	-0.0012526719	0.031364795	-0.005202192	0.3236054	0.011300549	-0.011307437	0.7848939	0.04935973	-0.008186847
0	-0.0012765782	0.031666346	-0.0051592905	0.31961024	0.011161036	-0.011167839	0.78485626	0.049834292	-0.008119334
0	-0.0013017758	0.03198123	-0.0051160865	0.31561515	0.011021524	-0.011028241	0.7848166	0.05032984	-0.008051341
0	-0.0013283722	0.032310393	-0.005072573	0.31162	0.010882012	-0.010888643	0.7847747	0.05084785	-0.007982863
0	-0.0013564974	0.032654986	-0.00502875	0.30762485	0.010742497	-0.010749043	0.78473043	0.05139015	-0.007913897
0	-0.0013862536	0.033015788	-0.0049846116	0.30362973	0.010602982	-0.010609447	0.78468364	0.05195795	-0.007844435
0	-0.0014177973	0.0333942	-0.0049401545	0.2996346	0.01046347	-0.010469847	0.784634	0.05255346	-0.007774472
0	-0.001451288	0.033791523	-0.004895376	0.2956395	0.010323958	-0.010330251	0.7845813	0.05317875	-0.0077040023
0	-0.0014869065	0.03420921	-0.0048502726	0.29164436	0.010184445	-0.010190652	0.78452516	0.053836077	-0.0076330225
0	-0.0015248449	0.034648806	-0.004804841	0.28764918	0.010044932	-0.010051056	0.78446555	0.054527882	-0.007561525
0	-0.0015653335	0.035112157	-0.004759077	0.2836541	0.009905419	-0.009911456	0.78440183	0.055257075	-0.0074895048
0	-0.0016086278	0.035601247	-0.0047129765	0.279659	0.009765907	-0.00977186	0.7843337	0.056026768	-0.0074169547
0	-0.0016550139	0.036118243	-0.004666537	0.27566385	0.009626393	-0.009632261	0.78426075	0.05684038	-0.0073438715
0	-0.0017048339	0.036665745	-0.0046197535	0.2716687	0.00948688	-0.009492663	0.78418225	0.057701997	-0.0072702467
0	-0.0017584641	0.037246566	-0.004572624	0.26767358	0.009347367	-0.009353065	0.7840979	0.058616053	-0.0071960776
0	-0.0018162917	0.037863124	-0.004525144	0.26367846	0.009207855	-0.009213467	0.78400683	0.059586354	-0.007121357
0	-0.0018788781	0.038519897	-0.00447731	0.25968334	0.009068341	-0.009073869	0.7839084	0.060619935	-0.0070460793
0	-0.0019467567	0.03922016	-0.004429119	0.2556882	0.008928829	-0.0089342715	0.78380156	0.06172196	-0.00697024
0	-0.002020632	0.039968934	-0.0043805665	0.25169304	0.008789316	-0.008794673	0.78368527	0.06290033	-0.0068938313
0	-0.0021012833	0.04077124	-0.0043316507	0.24769795	0.008649803	-0.008655075	0.78355837	0.06416294	-0.006816851
0	-0.0021896316	0.04163297	-0.0042823674	0.24370278	0.008510291	-0.008515477	0.78341943	0.06551908	-0.0067392928
0	-0.0022867844	0.042561043	-0.004232715	0.2397077	0.008370777	-0.008375879	0.7832665	0.0669796	-0.0066611525
0	-0.002394055	0.04356344	-0.0041826903	0.23571254	0.008231264	-0.008236282	0.7830976	0.06855712	-0.0065824273
0	-0.0025130243	0.0446495	-0.0041322913	0.23171745	0.008091751	-0.008096683	0.78291047	0.07026628	-0.006503113
0	-0.0026456174	0.045830205	-0.004081518	0.2277223	0.007952238	-0.007957085	0.78270173	0.07212439	-0.0064232093
0	-0.0027941703	0.047118507	-0.004030369	0.22372721	0.007812724	-0.007817487	0.78246796	0.07415183	-0.0063427147
0	-0.0029615664	0.04852976	-0.0039788447	0.21973205	0.007673212	-0.00767789	0.78220457	0.07637276	-0.006261629
0	-0.0031514063	0.050082486	-0.003926948	0.21573688	0.0075336993	-0.007538292	0.7819058	0.07881633	-0.0061799577
0	-0.003368238	0.051799238	-0.0038746824	0.21174179	0.0073941867	-0.0073986943	0.78156453	0.08151804	-0.0060977056
0	-0.0036178273	0.053707313	-0.0038220538	0.20774664	0.0072546746	-0.0072590937	0.78117174	0.08452083	-0.0060148826
0	-0.0039076465	0.055840593	-0.0037690704	0.20375155	0.0071151596	-0.0071194987	0.78071564	0.08787804	-0.0059315013
0	-0.0042475117	0.058241557	-0.0037157442	0.1997564	0.0069756475	-0.006979898	0.78018075	0.09165652	-0.0058475803
0	-0.004650476	0.06096378	-0.0036620877	0.19576131	0.0068361345	-0.0068403003	0.7795466	0.09594056	-0.005763139
0	-0.005134273	0.06407618	-0.0036081201	0.19176614	0.0066966224	-0.0067007025	0.7787852	0.10083864	-0.005678209
0	-0.005723668	0.0676698	-0.0035538618	0.18777102	0.0065571074	-0.0065611047	0.77785766	0.106494024	-0.005592821
0	-0.006453771	0.07186546	-0.0034993389	0.18377589	0.0064175953	-0.006421507	0.7767087	0.113096856	-0.005507016
0	-0.0073767244	0.07683158	-0.003444582	0.17978074	0.0062780827	-0.006281909	0.7752562	0.1209122	-0.0054208436
0	-0.008573205	0.08281096	-0.003389639	0.17578565	0.00613857	-0.0061423113	0.77337337	0.13032213	-0.005334378
0	-0.010176089	0.09017368	-0.0033346047	0.1717905	0.0059990566	-0.0060027135	0.7708508	0.14190908	-0.0052477694
0	-0.012422997	0.09952709	-0.0032796806	0.1677954	0.005859543	-0.0058631157	0.7673148	0.15662882	-0.005161334
0	-0.015789911	0.11197599	-0.0032252946	0.16380025	0.005720031	-0.0057235174	0.7620162	0.17622003	-0.0050757444
0	-0.021473235	0.1300331	-0.0031726754	0.15980512	0.005580518	-0.0055839196	0.7530721	0.20463707	-0.0049929367
0	-0.9940508	0.027350828	-0.0022053104	0.15581	0.005441006	-0.0054443213	-0.7775027	0.04304284	-0.0034705645
0	-0.99451154	0.025347447	-0.002137553	0.15181486	0.005301491	-0.0053047235	-0.77822787	0.03989005	-0.0033639323
0	-0.99492705	0.023495844	-0.0020696297	0.14781974	0.005161979	-0.0051651257	-0.77888167	0.03697613	-0.0032570392
0	-0.99530125	0.021784665	-0.0020014876	0.14382459	0.005022466	-0.005025528	-0.7794708	0.03428319	-0.0031498019
0	-0.99563843	0.02020405	-0.0019331091	0.1398295	0.0048829536	-0.00488593	-0.78000134	0.031795733	-0.0030421927
0	-0.995942	0.018743094	-0.0018645272	0.13583435	0.00474344	-0.0047463314	-0.7804792	0.02949658	-0.0029342636
0	-0.9962159	0.017392082	-0.001795812	0.13183923	0.0046039275	-0.0046067336	-0.78090996	0.027370451	-0.0028261242
0	-0.99646294	0.016140357	-0.0017270579	0.1278441	0.0044644144	-0.0044671358	-0.7812989	0.02540057	-0.0027179238
0	-0.9966866	0.014978245	-0.0016583588	0.123848975	0.0043249014	-0.0043275375	-0.78165084	0.023571718	-0.00260981
0	-0.9968893	0.013896811	-0.0015898017	0.11985385	0.0041853883	-0.0041879397	-0.7819699	0.021869835	-0.0025019196
0	-0.9970735	0.012888168	-0.0015214588	0.115858726	0.0040458753	-0.0040483414	-0.78225976	0.020282503	-0.002394366
0	-0.99724126	0.0119455075	-0.0014533872	0.111863606	0.003906362	-0.0039087436	-0.78252375	0.018799009	-0.0022872398
0	-0.9973944	0.011062299	-0.0013856348	0.10786844	0.0037668496	-0.003769146	-0.78276473	0.017409079	-0.0021806154
0	-0.99753433	0.010233252	-0.0013182361	0.10387332	0.0036273373	-0.0036295468	-0.78298503	0.016104382	-0.0020745483
0	-0.99766284	0.009453595	-0.001251217	0.0998782	0.0034878238	-0.003489949	-0.7831871	0.01487741	-0.001969078
0	-0.99778074	0.008718925	-0.0011845975	0.09588307	0.0033483112	-0.0033503512	-0.78337264	0.013721238	-0.0018642372
0	-0.9978892	0.008025425	-0.0011183912	0.09188794	0.0032087977	-0.0032107534	-0.7835435	0.012629855	-0.0017600463
0	-0.9979893	0.0073696426	-0.0010526078	0.08789282	0.003069285	-0.0030711556	-0.783701	0.011597831	-0.0016565211
0	-0.99808186	0.006748574	-0.0009872533	0.0838977	0.0029297716	-0.0029315578	-0.78384656	0.010620438	-0.0015536705
0	-0.99816746	0.006159465	-0.00092233095	0.07990256	0.002790259	-0.0027919598	-0.7839814	0.009693338	-0.0014515005
0	-0.998247	0.005599778	-0.00085784256	0.07590743	0.0026507454	-0.0026523618	-0.7841063	0.008812541	-0.0013500128
0	-0.9983207	0.005067349	-0.0007937878	0.071912296	0.002511233	-0.002512764	-0.78422254	0.007974642	-0.0012492081
0	-0.9983894	0.0045601586	-0.0007301657	0.067917176	0.00237172	-0.0023731657	-0.7843306	0.0071764607	-0.0011490838
0	-0.9984535	0.004076385	-0.0006669744	0.06392205	0.0022322072	-0.0022335679	-0.7844314	0.006415131	-0.0010496378
0	-0.99851334	0.0036144007	-0.00060421135	0.059926923	0.0020926942	-0.0020939698	-0.78452563	0.005688092	-0.00095086574
0	-0.99856925	0.0031726938	-0.0005418735	0.055931803	0.001953181	-0.0019543718	-0.7846136	0.0049929647	-0.0008527629
0	-0.9986216	0.002749901	-0.00047995747	0.05193666	0.0018136686	-0.0018147734	-0.7846961	0.004327603	-0.00075532374
0	-0.99867076	0.0023448106	-0.0004184597	0.047941536	0.0016741556	-0.0016751756	-0.7847734	0.0036900996	-0.0006585428
0	-0.9987169	0.0019562799	-0.00035737662	0.04394641	0.0015346425	-0.0015355778	-0.78484595	0.0030786572	-0.0005624145
0	-0.9987602	0.0015832774	-0.00029670453	0.03995128	0.0013951295	-0.0013959799	-0.78491414	0.0024916516	-0.00046693298
0	-0.99880105	0.0012248661	-0.00023643929	0.035956148	0.0012556165	-0.001256382	-0.7849784	0.001927609	-0.00037209174
0	-0.9988395	0.00088016025	-0.00017657722	0.031961024	0.0011161036	-0.0011167839	-0.785039	0.0013851349	-0.00027788494
0	-0.99887586	0.0005483865	-0.00011711451	0.027965901	0.0009765906	-0.0009771859	-0.7850961	0.00086301245	-0.00018430667
0	-0.9989101	0.00022877357	-5.8047444e-05	0.023970768	0.0008370778	-0.0008375878	-0.78515005	0.00036002786	-9.1351045e-05
0	-0.99894255	-7.933053e-05	6.283165e-07	0.01997564	0.00069756474	-0.00069798995	-0.7852011	-0.00012484491	9.888081e-07
0	-0.9989732	-0.0003765802	5.891589e-05	0.015980512	0.0005580518	-0.00055839197	-0.78524935	-0.0005926357	9.271772e-05
0	-0.9990023	-0.00066353043	0.000116819574	0.011985384	0.0004185389	-0.0004187939	-0.78529507	-0.0010442182	0.00018384251
0	-0.9990299	-0.0009407482	0.00017434274	0.007990256	0.0002790259	-0.00027919599	-0.7853384	-0.0014804841	0.00027436847
0	-0.9990559	-0.00120871	0.00023148936	0.003995128	0.00013951295	-0.00013959799	-0.78537965	-0.001902184	0.0003643019
0	-0.9990808	-0.0014679102	0.00028826276	-4.158265e-16	-1.4520984e-17	1.4529833e-17	-0.7854186	-0.0023100951	0.00045364787
0	-0.9991043	-0.0017187413	0.00034466668	-0.003995128	-0.00013951295	0.00013959799	-0.78545576	-0.0027048355	0.00054241245
0	-0.99912673	-0.001961676	0.00040070448	-0.007990256	-0.0002790259	0.00027919599	-0.7854911	-0.003087149	0.00063060084
0	-0.9991481	-0.0021970454	0.00045637973	-0.011985384	-0.0004185389	0.0004187939	-0.78552467	-0.003457557	0.00071821874
0	-0.9991684	-0.0024252085	0.0005116959	-0.015980512	-0.0005580518	0.00055839197	-0.7855566	-0.0038166244	0.00080527144
0	-0.9991879	-0.0026465182	0.0005666567	-0.01997564	-0.00069756474	0.00069798995	-0.78558713	-0.004164906	0.00089176494
0	-0.9992064	-0.0028612763	0.0006212648	-0.023970768	-0.0008370778	0.0008375878	-0.7856162	-0.0045028776	0.0009777034
0	-0.9992241	-0.003069791	0.000675524	-0.027965901	-0.0009765906	0.0009771859	-0.78564405	-0.0048310235	0.0010630926
0	-0.99924076	-0.0032722913	0.00072943745	-0.031961024	-0.0011161036	0.0011167839	-0.7856705	-0.0051497044	0.0011479378
0	-0.9992569	-0.0034690816	0.00078300823	-0.035956148	-0.0012556165	0.001256382	-0.7856959	-0.0054594	0.0012322438
0	-0.99927235	-0.0036603943	0.00083623995	-0.03995128	-0.0013951295	0.0013959799	-0.7857201	-0.005760474	0.0013160163
0	-0.9992872	-0.0038464565	0.000889135	-0.04394641	-0.0015346425	0.0015355778	-0.78574324	-0.0060532857	0.001399259
0	-0.99930114	-0.004027482	0.00094169733	-0.047941536	-0.0016741556	0.0016751756	-0.78576547	-0.0063381717	0.0014819778
0	-0.99931467	-0.0042036856	0.0009939295	-0.05193666	-0.0018136686	0.0018147734	-0.78578675	-0.0066154683	0.001564177
0	-0.9993275	-0.004375257	0.0010458345	-0.055931803	-0.001953181	0.0019543718	-0.7858071	-0.006885475	0.0016458617
0	-0.99934006	-0.0045423796	0.0010974157	-0.059926923	-0.0020926942	0.0020939698	-0.78582656	-0.007148481	0.0017270364
0	-0.9993518	-0.004705222	0.0011486757	-0.06392205	-0.0022322072	0.0022335679	-0.7858453	-0.0074047507	0.001807706
0	-0.9993633	-0.0048639528	0.0011996175	-0.067917176	-0.00237172	0.0023731657	-0.7858633	-0.00765455	0.0018878744
0	-0.99937433	-0.005018722	0.0012502442	-0.071912296	-0.002511233	0.002512764	-0.78588045	-0.007898116	0.0019675472
0	-0.99938476	-0.005169691	0.0013005583	-0.07590743	-0.0026507454	0.0026523618	-0.78589696	-0.0081357015	0.0020467283
0	-0.99939483	-0.0053170016	0.0013505633	-0.07990256	-0.002790259	0.0027919598	-0.7859129	-0.008367528	0.0021254222
0	-0.99940443	-0.0054607713	0.001400261	-0.0838977	-0.0029297716	0.0029315578	-0.7859281	-0.008593782	0.0022036333
0	-0.99941385	-0.0056011365	0.0014496547	-0.08789282	-0.003069285	0.0030711556	-0.7859428	-0.0088146785	0.0022813657
0	-0.99942285	-0.005738213	0.0014987469	-0.09188794	-0.0032087977	0.0032107534	-0.7859569	-0.009030401	0.002358624
0	-0.99943143	-0.005872125	0.0015475409	-0.09588307	-0.0033483112	0.0033503512	-0.7859705	-0.009241141	0.0024354123
0	-0.9994398	-0.006002977	0.0015960389	-0.0998782	-0.0034878238	0.003489949	-0.78598356	-0.009447067	0.002511735
0	-0.99944776	-0.006130873	0.0016442434	-0.10387332	-0.0036273373	0.0036295468	-0.7859962	-0.009648344	0.002587596
0	-0.99945545	-0.0062559186	0.0016921574	-0.10786844	-0.0037668496	0.003769146	-0.7860083	-0.00984513	0.0026629996
0	-0.99946296	-0.0063782	0.0017397829	-0.111863606	-0.003906362	0.0039087436	-0.78602	-0.0100375675	0.0027379494
0	-0.99947006	-0.0064978194	0.001787123	-0.115858726	-0.0040458753	0.0040483414	-0.78603125	-0.010225817	0.00281245
0	-0.99947685	-0.006614854	0.0018341802	-0.11985385	-0.0041853883	0.0041879397	-0.78604203	-0.010409998	0.002886505
0	-0.9994835	-0.0067293965	0.0018809565	-0.123848975	-0.0043249014	0.0043275375	-0.7860525	-0.010590256	0.0029601185
0	-0.9994901	-0.0068415217	0.0019274548	-0.1278441	-0.0044644144	0.0044671358	-0.7860626	-0.010766712	0.0030332943
0	-0.9994961	-0.0069513065	0.0019736774	-0.13183923	-0.0046039275	0.0046067336	-0.7860724	-0.010939483	0.003106036
0	-0.9995022	-0.0070588193	0.0020196263	-0.13583435	-0.00474344	0.0047463314	-0.7860818	-0.011108678	0.0031783471
0	-0.99950784	-0.007164143	0.002065305	-0.1398295	-0.0048829536	0.00488593	-0.78609085	-0.011274429	0.003250233
0	-0.99951345	-0.0072673326	0.0021107143	-0.14382459	-0.005022466	0.005025528	-0.7860996	-0.011436823	0.0033216956
0	-0.9995188	-0.0073684547	0.0021558579	-0.14781974	-0.005161979	0.0051651257	-0.7861081	-0.011595963	0.0033927392
0	-0.999524	-0.0074675796	0.0022007371	-0.15181486	-0.005301491	0.0053047235	-0.7861161	-0.011751958	0.0034633672
0	-0.999529	-0.007564756	0.002245355	-0.15581	-0.005441006	0.0054443213	-0.78612405	-0.011904887	0.0035335836
0	-0.99953383	-0.0076600458	0.0022897136	-0.15980512	-0.005580518	0.0055839196	-0.78613174	-0.012054848	0.003603392
0	-0.99953854	-0.0077535054	0.0023338145	-0.16380025	-0.005720031	0.0057235174	-0.7861391	-0.012201928	0.003672795
0	-0.9995431	-0.007845182	0.002377661	-0.1677954	-0.005859543	0.0058631157	-0.78614616	-0.0123462025	0.0037417975
0	-0.9995475	-0.007935133	0.0024212543	-0.1717905	-0.0059990566	0.0060027135	-0.78615314	-0.012487761	0.0038104015
0	-0.99955165	-0.008023404	0.0024645966	-0.17578565	-0.00613857	0.0061423113	-0.78615975	-0.012626674	0.003878611
0	-0.9995558	-0.00811004	0.0025076908	-0.17978074	-0.0062780827	0.006281909	-0.7861662	-0.012763017	0.0039464296
0	-0.99955976	-0.008195089	0.0025505382	-0.18377589	-0.0064175953	0.006421507	-0.7861724	-0.012896859	0.0040138597
0	-0.99956363	-0.008278593	0.0025931417	-0.18777102	-0.0065571074	0.0065611047	-0.7861785	-0.013028275	0.004080906
0	-0.99956733	-0.008360594	0.0026355027	-0.19176614	-0.0066966224	0.0067007025	-0.7861844	-0.013157321	0.0041475706
0	-0.99957097	-0.008441132	0.002677623	-0.19576131	-0.0068361345	0.0068403003	-0.78619	-0.013284066	0.004213857
0	-0.9995744	-0.008520251	0.002719506	-0.1997564	-0.0069756475	0.006979898	-0.78619546	-0.013408579	0.004279769
0	-0.99957776	-0.008597984	0.0027611519	-0.20375155	-0.0071151596	0.0071194987	-0.78620076	-0.013530909	0.004345309
0	-0.99958104	-0.008674369	0.0028025636	-0.20774664	-0.0072546746	0.0072590937	-0.78620595	-0.01365112	0.0044104797
0	-0.99958414	-0.008749446	0.0028437432	-0.21174179	-0.0073941867	0.0073986943	-0.78621083	-0.01376927	0.0044752853
0	-0.99958724	-0.008823236	0.0028846925	-0.21573688	-0.0075336993	0.007538292	-0.7862157	-0.013885396	0.004539728
0	-0.99959034	-0.008895779	0.0029254132	-0.21973205	-0.007673212	0.00767789	-0.7862204	-0.013999558	0.0046038115
0	-0.99959314	-0.008967105	0.002965907	-0.22372721	-0.007812724	0.007817487	-0.78622484	-0.014111808	0.004667538
0	-0.9995959	-0.009037248	0.003006176	-0.2277223	-0.007952238	0.007957085	-0.78622925	-0.014222192	0.004730911
0	-0.9995985	-0.009106233	0.0030462227	-0.23171745	-0.008091751	0.008096683	-0.7862335	-0.014330755	0.0047939336
0	-0.99960124	-0.009174089	0.0030860484	-0.23571254	-0.008231264	0.008236282	-0.78623766	-0.014437543	0.0048566083
0	-0.99960375	-0.009240846	0.0031256543	-0.2397077	-0.008370777	0.008375879	-0.78624165	-0.014542601	0.0049189376
0	-0.9996062	-0.0093065305	0.003165043	-0.24370278	-0.008510291	0.008515477	-0.7862456	-0.01464597	0.0049809245
0	-0.9996085	-0.009371167	0.0032042158	-0.24769795	-0.008649803	0.008655075	-0.7862492	-0.01474769	0.005042572
0	-0.9996109	-0.009434773	0.003243175	-0.25169304	-0.008789316	0.008794673	-0.786253	-0.014847789	0.005103883
0	-0.99961317	-0.00949739	0.0032819214	-0.2556882	-0.008928829	0.0089342715	-0.78625643	-0.014946333	0.00516486
0	-0.9996154	-0.009559032	0.0033204579	-0.25968334	-0.009068341	0.009073869	-0.7862599	-0.015043339	0.0052255057
0	-0.9996174	-0.009619711	0.003358786	-0.26367846	-0.009207855	0.009213467	-0.7862631	-0.015138833	0.0052858233
0	-0.9996194	-0.009679475	0.003396906	-0.26767358	-0.009347367	0.009353065	-0.7862664	-0.015232883	0.0053458144
0	-0.99962145	-0.009738316	0.0034348213	-0.2716687	-0.00948688	0.009492663	-0.7862695	-0.015325485	0.005405482
0	-0.99962336	-0.009796296	0.0034725324	-0.27566385	-0.009626393	0.009632261	-0.7862726	-0.015416729	0.0054648295
0	-0.99962527	-0.009853388	0.0035100412	-0.279659	-0.009765907	0.00977186	-0.7862755	-0.015506577	0.005523859
0	-0.999627	-0.009909632	0.0035473495	-0.2836541	-0.009905419	0.009911456	-0.78627837	-0.015595089	0.0055825724
0	-0.99962884	-0.009965045	0.0035844594	-0.28764918	-0.010044932	0.010051056	-0.78628105	-0.015682295	0.005640973
0	-0.9996305	-0.010019646	0.0036213712	-0.29164436	-0.010184445	0.010190652	-0.7862838	-0.015768223	0.0056990623
0	-0.9996322	-0.010073453	0.003658088	-0.2956395	-0.010323958	0.010330251	-0.7862864	-0.0158529	0.005756844
0	-0.99963385	-0.010126484	0.0036946095	-0.2996346	-0.01046347	0.010469847	-0.78628886	-0.015936358	0.0058143195
0	-0.99963534	-0.010178754	0.003730939	-0.30362973	-0.010602982	0.010609447	-0.7862913	-0.016018614	0.0058714915
0	-0.9996368	-0.01023028	0.0037670766	-0.30762485	-0.010742497	0.010749043	-0.78629375	-0.016099704	0.005928363
0	-0.9996384	-0.010281081	0.003803025	-0.31162	-0.010882012	0.010888643	-0.78629607	-0.016179651	0.005984936
0	-0.99963975	-0.010331169	0.003838785	-0.31561515	-0.011021524	0.011028241	-0.7862983	-0.016258474	0.006041213
0	-0.9996411	-0.010380557	0.0038743583	-0.31961024	-0.011161036	0.011167839	-0.7863004	-0.016336199	0.006097196
0	-0.9996424	-0.010429261	0.003909746	-0.3236054	-0.011300549	0.011307437	-0.78630257	-0.016412847	0.0061528874
0	-0.99964374	-0.010477301	0.00394495	-0.3276005	-0.011440062	0.011447035	-0.7863046	-0.016488448	0.0062082885
0	-0.99964505	-0.010524681	0.0039799716	-0.33159563	-0.011579574	0.011586633	-0.78630656	-0.016563013	0.0062634023
0	-0.99964625	-0.010571422	0.004014812	-0.3355908	-0.011719086	0.011726231	-0.7863085	-0.016636569	0.0063182325
0	-0.9996474	-0.010617532	0.004049473	-0.3395859	-0.011858598	0.011865831	-0.7863103	-0.016709136	0.0063727787
0	-0.9996485	-0.010663028	0.004083955	-0.343581	-0.011998113	0.012005427	-0.7863122	-0.016780732	0.006427045
0	-0.99964976	-0.0107079195	0.0041182614	-0.34757614	-0.012137628	0.012145027	-0.78631395	-0.016851379	0.0064810333
0	-0.9996508	-0.01075222	0.004152391	-0.3515713	-0.01227714	0.0122846225	-0.7863156	-0.016921096	0.006534744
0	-0.99965185	-0.010795938	0.004186346	-0.35556647	-0.012416652	0.012424222	-0.7863172	-0.016989894	0.0065881815
0	-0.9996529	-0.010839088	0.0042201295	-0.35956147	-0.012556165	0.012563818	-0.78631896	-0.017057803	0.0066413465
0	-0.9996538	-0.01088168	0.004253741	-0.36355665	-0.0126956785	0.012703418	-0.78632045	-0.017124832	0.006694241
0	-0.9996548	-0.010923726	0.0042871814	-0.36755177	-0.012835191	0.012843014	-0.786322	-0.017191	0.0067468677
0	-0.9996557	-0.010965232	0.004320453	-0.37154695	-0.012974703	0.012982613	-0.7863234	-0.017256321	0.0067992285
0	-0.99965656	-0.011006215	0.0043535577	-0.37554204	-0.013114215	0.013122209	-0.7863248	-0.017320815	0.006851326
0	-0.99965745	-0.011046681	0.0043864953	-0.37953714	-0.013253733	0.013261809	-0.7863263	-0.0173845	0.0069031613
0	-0.9996583	-0.011086639	0.004419268	-0.3835323	-0.013393245	0.013401405	-0.7863276	-0.017447382	0.006954736
0	-0.9996591	-0.011126101	0.0044518765	-0.38752744	-0.013532757	0.013541005	-0.7863288	-0.017509485	0.007006053
0	-0.9996599	-0.011165076	0.0044843215	-0.39152262	-0.013672269	0.013680601	-0.7863301	-0.017570822	0.0070571136
0	-0.9996607	-0.01120357	0.004516606	-0.39551762	-0.013811782	0.013820201	-0.78633124	-0.0176314	0.0071079205
0	-0.9996615	-0.0112415925	0.0045487294	-0.3995128	-0.013951295	0.013959796	-0.7863325	-0.017691236	0.0071584745
0	-0.99966216	-0.011279155	0.0045806947	-0.40350795	-0.014090807	0.014099397	-0.7863336	-0.017750349	0.0072087785
0	-0.99966294	-0.011316265	0.004612501	-0.4075031	-0.014230319	0.014238997	-0.7863347	-0.01780875	0.0072588334
0	-0.99966365	-0.011352929	0.004644151	-0.4114981	-0.014369831	0.014378592	-0.7863357	-0.017866453	0.0073086414
0	-0.9996642	-0.01138916	0.004675645	-0.41549328	-0.014509349	0.014518187	-0.7863367	-0.017923467	0.0073582046
0	-0.9996649	-0.011424957	0.004706985	-0.41948846	-0.014648861	0.014657789	-0.78633785	-0.017979804	0.0074075256
0	-0.9996655	-0.011460335	0.004738171	-0.42348358	-0.014788373	0.014797389	-0.78633875	-0.018035479	0.0074566035
0	-0.9996661	-0.011495296	0.004769204	-0.42747876	-0.0149278855	0.0149369845	-0.7863397	-0.018090498	0.007505442
0	-0.99966663	-0.0115298545	0.0048000873	-0.43147376	-0.015067399	0.015076584	-0.7863406	-0.018144883	0.007554043
0	-0.99966717	-0.011564009	0.0048308196	-0.43546894	-0.015206912	0.01521618	-0.7863415	-0.018198634	0.0076024085
0	-0.9996677	-0.011597772	0.0048614037	-0.4394641	-0.015346424	0.01535578	-0.7863423	-0.018251767	0.0076505393
0	-0.99966824	-0.011631149	0.0048918393	-0.44345924	-0.015485936	0.015495376	-0.7863431	-0.018304294	0.007698437
0	-0.99966866	-0.0116641475	0.0049221287	-0.44745442	-0.015625449	0.015634974	-0.78634393	-0.018356225	0.007746103
0	-0.9996692	-0.011696771	0.0049522715	-0.45144942	-0.015764965	0.015774572	-0.7863447	-0.018407565	0.0077935406
0	-0.9996697	-0.011729028	0.00498227	-0.4554446	-0.015904477	0.01591417	-0.78634536	-0.01845833	0.00784075
0	-0.99967	-0.011760923	0.005012124	-0.45943972	-0.016043989	0.016053768	-0.7863461	-0.018508524	0.007887733
0	-0.99967057	-0.011792465	0.0050418368	-0.4634349	-0.016183501	0.016193366	-0.7863468	-0.018558161	0.007934492
0	-0.9996709	-0.011823658	0.0050714076	-0.46743008	-0.016323015	0.016332967	-0.7863475	-0.018607251	0.007981028
0	-0.9996714	-0.011854507	0.0051008374	-0.4714251	-0.016462527	0.016472563	-0.78634804	-0.0186558	0.008027343
0	-0.99967176	-0.01188502	0.0051301275	-0.47542024	-0.016602041	0.01661216	-0.7863487	-0.018703822	0.008073438
0	-0.9996722	-0.0119152	0.0051592784	-0.4794154	-0.016741553	0.016751759	-0.7863493	-0.018751316	0.008119314
0	-0.99967253	-0.011945053	0.005188293	-0.48341057	-0.016881065	0.016891358	-0.78634983	-0.018798294	0.008164975
0	-0.9996729	-0.011974585	0.0052171703	-0.48740557	-0.017020581	0.017030954	-0.7863503	-0.018844768	0.008210419
0	-0.9996731	-0.012003803	0.005245912	-0.49140075	-0.017160093	0.01717055	-0.78635097	-0.01889075	0.00825565
0	-0.99967355	-0.012032707	0.005274518	-0.4953959	-0.017299606	0.01731015	-0.78635144	-0.018936237	0.0083006695
0	-0.99967384	-0.012061305	0.005302991	-0.49939105	-0.017439118	0.01744975	-0.786352	-0.018981244	0.008345478
0	-0.99967355	-0.01203272	0.005274518	-0.4953959	-0.017299606	0.01731015	-0.78635144	-0.018936258	0.0083006695
0	-0.9996731	-0.012003817	0.005245912	-0.49140075	-0.017160093	0.01717055	-0.7863509	-0.018890772	0.008255651
0	-0.99967283	-0.011974597	0.0052171694	-0.48740557	-0.017020581	0.017030954	-0.78635037	-0.018844789	0.008210419
0	-0.99967253	-0.011945064	0.0051882924	-0.48341057	-0.016881065	0.016891358	-0.78634983	-0.018798314	0.008164975
0	-0.9996722	-0.0119152125	0.0051592793	-0.4794154	-0.016741553	0.016751759	-0.78634936	-0.01875133	0.008119315
0	-0.99967176	-0.011885027	0.0051301275	-0.47542024	-0.016602041	0.01661216	-0.7863487	-0.01870383	0.008073438
0	-0.9996714	-0.0118545145	0.0051008374	-0.4714251	-0.016462527	0.016472563	-0.78634804	-0.01865581	0.008027343
0	-0.9996711	-0.011823665	0.005071408	-0.46743008	-0.016323015	0.016332967	-0.7863475	-0.018607263	0.007981028
0	-0.99967057	-0.011792472	0.0050418368	-0.4634349	-0.016183501	0.016193366	-0.7863468	-0.018558174	0.007934492
0	-0.9996702	-0.0117609305	0.005012125	-0.45943972	-0.016043989	0.016053768	-0.78634614	-0.018508537	0.007887733
0	-0.99966973	-0.0117290355	0.00498227	-0.4554446	-0.015904477	0.01591417	-0.78634536	-0.01845834	0.00784075
0	-0.99966925	-0.011696778	0.004952271	-0.45144942	-0.015764965	0.015774572	-0.78634465	-0.018407576	0.00779354
0	-0.99966866	-0.011664156	0.0049221283	-0.44745442	-0.015625449	0.015634974	-0.7863439	-0.018356236	0.0077461037
0	-0.99966824	-0.011631157	0.0048918393	-0.44345924	-0.015485936	0.015495376	-0.7863431	-0.018304307	0.0076984367
0	-0.9996677	-0.0115977805	0.0048614033	-0.4394641	-0.015346424	0.01535578	-0.78634226	-0.01825178	0.0076505393
0	-0.9996673	-0.011564018	0.0048308196	-0.43546894	-0.015206912	0.01521618	-0.7863415	-0.018198648	0.0076024076
0	-0.99966663	-0.011529862	0.0048000873	-0.43147376	-0.015067399	0.015076584	-0.7863406	-0.018144894	0.007554043
0	-0.99966604	-0.011495305	0.004769204	-0.42747876	-0.0149278855	0.0149369845	-0.7863397	-0.018090513	0.007505442
0	-0.9996655	-0.011460342	0.0047381707	-0.42348358	-0.014788373	0.014797389	-0.7863388	-0.01803549	0.0074566035
0	-0.9996648	-0.011424966	0.004706985	-0.41948846	-0.014648861	0.014657789	-0.78633785	-0.017979816	0.0074075256
0	-0.9996642	-0.011389166	0.004675645	-0.41549328	-0.014509349	0.014518187	-0.7863367	-0.017923478	0.0073582046
0	-0.99966353	-0.0113529395	0.004644151	-0.4114981	-0.014369831	0.014378592	-0.7863357	-0.017866464	0.0073086414
0	-0.9996628	-0.011316274	0.004612501	-0.4075031	-0.014230319	0.014238997	-0.7863347	-0.017808765	0.0072588334
0	-0.99966216	-0.011279164	0.0045806947	-0.40350795	-0.014090807	0.014099397	-0.7863337	-0.017750364	0.0072087785
0	-0.9996615	-0.011241602	0.00454873	-0.3995128	-0.013951295	0.013959796	-0.78633255	-0.01769125	0.0071584745
0	-0.99966073	-0.011203575	0.004516606	-0.39551762	-0.013811782	0.013820201	-0.7863313	-0.017631408	0.00710792
0	-0.9996599	-0.011165081	0.0044843215	-0.39152262	-0.013672269	0.013680601	-0.7863301	-0.017570827	0.0070571136
0	-0.9996591	-0.011126108	0.004451876	-0.38752744	-0.013532757	0.013541005	-0.7863288	-0.017509496	0.0070060533
0	-0.99965835	-0.011086646	0.0044192676	-0.3835323	-0.013393245	0.013401405	-0.78632754	-0.017447392	0.006954736
0	-0.99965745	-0.011046687	0.0043864953	-0.37953714	-0.013253733	0.013261809	-0.7863263	-0.01738451	0.0069031613
0	-0.9996566	-0.011006222	0.0043535577	-0.37554204	-0.013114215	0.013122209	-0.7863248	-0.017320827	0.006851326
0	-0.9996557	-0.01096524	0.0043204534	-0.37154695	-0.012974703	0.012982613	-0.7863234	-0.01725633	0.0067992285
0	-0.9996548	-0.010923733	0.0042871814	-0.36755177	-0.012835191	0.012843014	-0.786322	-0.017191011	0.0067468677
0	-0.9996539	-0.0108816875	0.004253741	-0.36355665	-0.0126956785	0.012703418	-0.78632045	-0.017124843	0.0066942414
0	-0.99965274	-0.010839094	0.0042201295	-0.35956147	-0.012556165	0.012563818	-0.7863189	-0.017057814	0.0066413465
0	-0.9996518	-0.010795944	0.0041863467	-0.35556647	-0.012416652	0.012424222	-0.7863173	-0.016989907	0.006588181
0	-0.9996507	-0.010752226	0.004152391	-0.3515713	-0.01227714	0.0122846225	-0.7863156	-0.016921107	0.006534744
0	-0.99964976	-0.010707928	0.004118261	-0.34757614	-0.012137628	0.012145027	-0.7863139	-0.016851392	0.006481033
0	-0.9996485	-0.01066303	0.004083955	-0.343581	-0.011998113	0.012005427	-0.78631216	-0.016780734	0.006427045
0	-0.9996473	-0.010617534	0.004049473	-0.3395859	-0.011858598	0.011865831	-0.7863104	-0.016709136	0.0063727787
0	-0.99964625	-0.010571423	0.0040148124	-0.3355908	-0.011719086	0.011726231	-0.78630847	-0.01663657	0.0063182325
0	-0.99964505	-0.010524684	0.0039799716	-0.33159563	-0.011579574	0.011586633	-0.7863066	-0.016563015	0.0062634028
0	-0.99964374	-0.010477301	0.00394495	-0.3276005	-0.011440062	0.011447035	-0.7863046	-0.016488448	0.0062082885
0	-0.9996424	-0.010429264	0.003909746	-0.3236054	-0.011300549	0.011307437	-0.78630257	-0.01641285	0.0061528864
0	-0.9996411	-0.010380557	0.003874359	-0.31961024	-0.011161036	0.011167839	-0.7863004	-0.0163362	0.0060971957
0	-0.9996398	-0.01033117	0.0038387852	-0.31561515	-0.011021524	0.011028241	-0.7862983	-0.016258476	0.006041213
0	-0.9996383	-0.010281082	0.003803025	-0.31162	-0.010882012	0.010888643	-0.7862961	-0.016179651	0.005984936
0	-0.9996368	-0.010230282	0.0037670769	-0.30762485	-0.010742497	0.010749043	-0.78629375	-0.016099708	0.0059283637
0	-0.9996354	-0.010178757	0.003730939	-0.30362973	-0.010602982	0.010609447	-0.7862913	-0.016018618	0.0058714924
0	-0.99963385	-0.010126486	0.0036946095	-0.2996346	-0.01046347	0.010469847	-0.78628886	-0.01593636	0.00581432
0	-0.9996322	-0.010073456	0.0036580875	-0.2956395	-0.010323958	0.010330251	-0.78628635	-0.015852902	0.0057568443
0	-0.9996305	-0.010019647	0.0036213712	-0.29164436	-0.010184445	0.010190652	-0.7862838	-0.015768224	0.0056990623
0	-0.99962884	-0.009965046	0.0035844594	-0.28764918	-0.010044932	0.010051056	-0.78628117	-0.015682297	0.005640973
0	-0.999627	-0.009909633	0.0035473502	-0.2836541	-0.009905419	0.009911456	-0.7862784	-0.0155950915	0.005582573
0	-0.99962527	-0.00985339	0.0035100416	-0.279659	-0.009765907	0.00977186	-0.7862755	-0.0155065805	0.005523859
0	-0.99962336	-0.009796298	0.0034725321	-0.27566385	-0.009626393	0.009632261	-0.7862725	-0.015416733	0.0054648295
0	-0.99962145	-0.009738338	0.003434821	-0.2716687	-0.00948688	0.009492663	-0.7862695	-0.015325518	0.005405483
0	-0.9996195	-0.009679488	0.003396906	-0.26767358	-0.009347367	0.009353065	-0.7862663	-0.015232908	0.005345814
0	-0.99961746	-0.009619732	0.003358786	-0.26367846	-0.009207855	0.009213467	-0.78626317	-0.015138866	0.0052858237
0	-0.9996154	-0.009559045	0.003320458	-0.25968334	-0.009068341	0.009073869	-0.78625983	-0.015043361	0.005225506
0	-0.99961305	-0.009497405	0.0032819218	-0.2556882	-0.008928829	0.0089342715	-0.78625643	-0.014946356	0.0051648603
0	-0.99961096	-0.009434789	0.0032431744	-0.25169304	-0.008789316	0.008794673	-0.7862529	-0.014847815	0.005103883
0	-0.9996086	-0.009371176	0.0032042158	-0.24769795	-0.008649803	0.008655075	-0.78624934	-0.014747705	0.005042572
0	-0.9996062	-0.009306541	0.003165043	-0.24370278	-0.008510291	0.008515477	-0.7862456	-0.014645986	0.0049809245
0	-0.9996037	-0.0092408545	0.0031256543	-0.2397077	-0.008370777	0.008375879	-0.78624165	-0.014542617	0.0049189376
0	-0.99960124	-0.009174098	0.0030860484	-0.23571254	-0.008231264	0.008236282	-0.7862376	-0.014437558	0.0048566083
0	-0.9995985	-0.009106242	0.0030462227	-0.23171745	-0.008091751	0.008096683	-0.7862335	-0.014330772	0.0047939336
0	-0.99959594	-0.009037259	0.0030061766	-0.2277223	-0.007952238	0.007957085	-0.78622925	-0.01422221	0.0047309115
0	-0.9995931	-0.008967118	0.002965907	-0.22372721	-0.007812724	0.007817487	-0.7862249	-0.014111826	0.0046675387
0	-0.9995902	-0.008895791	0.002925413	-0.21973205	-0.007673212	0.00767789	-0.7862204	-0.013999578	0.004603812
0	-0.9995873	-0.00882325	0.0028846923	-0.21573688	-0.0075336993	0.007538292	-0.7862158	-0.013885418	0.004539728
0	-0.9995842	-0.008749461	0.0028437432	-0.21174179	-0.0073941867	0.0073986943	-0.78621083	-0.013769292	0.0044752853
0	-0.99958104	-0.008674391	0.0028025636	-0.20774664	-0.0072546746	0.0072590937	-0.786206	-0.013651153	0.0044104797
0	-0.99957776	-0.008598007	0.0027611516	-0.20375155	-0.0071151596	0.0071194987	-0.78620076	-0.013530947	0.004345309
0	-0.9995744	-0.008520274	0.0027195057	-0.1997564	-0.0069756475	0.006979898	-0.7861954	-0.013408615	0.004279769
0	-0.9995709	-0.008441163	0.002677623	-0.19576131	-0.0068361345	0.0068403003	-0.7861899	-0.013284115	0.0042138575
0	-0.99956733	-0.008360624	0.0026355025	-0.19176614	-0.0066966224	0.0067007025	-0.7861844	-0.013157368	0.0041475706
0	-0.99956363	-0.0082786195	0.0025931417	-0.18777102	-0.0065571074	0.0065611047	-0.7861785	-0.013028314	0.004080906
0	-0.99955976	-0.008195113	0.0025505382	-0.18377589	-0.0064175953	0.006421507	-0.7861724	-0.012896898	0.0040138597
0	-0.9995557	-0.008110067	0.0025076908	-0.17978074	-0.0062780827	0.006281909	-0.7861662	-0.012763059	0.0039464296
0	-0.9995518	-0.008023424	0.0024645966	-0.17578565	-0.00613857	0.0061423113	-0.78615975	-0.012626707	0.0038786107
0	-0.99954754	-0.007935151	0.0024212538	-0.1717905	-0.0059990566	0.0060027135	-0.78615314	-0.012487789	0.003810401
0	-0.99954313	-0.007845201	0.002377661	-0.1677954	-0.005859543	0.0058631157	-0.78614616	-0.012346232	0.003741797
0	-0.99953854	-0.0077535226	0.0023338145	-0.16380025	-0.005720031	0.0057235174	-0.7861391	-0.012201955	0.0036727951
0	-0.99953383	-0.0076600644	0.0022897136	-0.15980512	-0.005580518	0.0055839196	-0.7861317	-0.012054876	0.0036033918
0	-0.99952906	-0.0075647747	0.002245355	-0.15581	-0.005441006	0.0054443213	-0.78612405	-0.011904916	0.0035335834
0	-0.999524	-0.007467598	0.0022007374	-0.15181486	-0.005301491	0.0053047235	-0.7861161	-0.011751987	0.0034633675
0	-0.99951875	-0.007368479	0.0021558579	-0.14781974	-0.005161979	0.0051651257	-0.786108	-0.011596001	0.003392739
0	-0.99951345	-0.007267359	0.0021107143	-0.14382459	-0.005022466	0.005025528	-0.7860996	-0.011436865	0.0033216954
0	-0.9995079	-0.0071641696	0.0020653047	-0.1398295	-0.0048829536	0.00488593	-0.7860908	-0.011274472	0.003250233
0	-0.9995022	-0.0070588444	0.0020196263	-0.13583435	-0.00474344	0.0047463314	-0.7860818	-0.011108719	0.0031783478
0	-0.9994961	-0.006951331	0.0019736772	-0.13183923	-0.0046039275	0.0046067336	-0.7860724	-0.010939521	0.003106036
0	-0.99948996	-0.0068415455	0.0019274548	-0.1278441	-0.0044644144	0.0044671358	-0.78606266	-0.010766748	0.0030332946
0	-0.9994835	-0.006729421	0.0018809565	-0.123848975	-0.0043249014	0.0043275375	-0.7860525	-0.010590294	0.002960118
0	-0.99947697	-0.0066148816	0.0018341801	-0.11985385	-0.0041853883	0.0041879397	-0.78604203	-0.01041004	0.002886505
0	-0.99947	-0.006497845	0.0017871228	-0.115858726	-0.0040458753	0.0040483414	-0.78603125	-0.010225858	0.0028124498
0	-0.99946296	-0.006378227	0.0017397829	-0.111863606	-0.003906362	0.0039087436	-0.78602	-0.010037609	0.0027379494
0	-0.99945545	-0.006255949	0.0016921572	-0.10786844	-0.0037668496	0.003769146	-0.7860083	-0.009845177	0.0026629993
0	-0.99944776	-0.006130899	0.0016442434	-0.10387332	-0.0036273373	0.0036295468	-0.7859962	-0.009648384	0.0025875962
0	-0.9994398	-0.006003002	0.0015960389	-0.0998782	-0.0034878238	0.003489949	-0.78598356	-0.009447107	0.002511735
0	-0.99943143	-0.0058721513	0.0015475412	-0.09588307	-0.0033483112	0.0033503512	-0.7859705	-0.009241183	0.0024354123
0	-0.99942285	-0.0057382425	0.0014987472	-0.09188794	-0.0032087977	0.0032107534	-0.7859569	-0.009030447	0.002358624
0	-0.99941385	-0.0056011626	0.0014496548	-0.08789282	-0.003069285	0.0030711556	-0.7859428	-0.00881472	0.002281366
0	-0.9994046	-0.0054607964	0.001400261	-0.0838977	-0.0029297716	0.0029315578	-0.7859281	-0.008593822	0.0022036333
0	-0.99939483	-0.0053170286	0.0013505629	-0.07990256	-0.002790259	0.0027919598	-0.7859129	-0.00836757	0.0021254222
0	-0.99938476	-0.0051697297	0.0013005584	-0.07590743	-0.0026507454	0.0026523618	-0.78589696	-0.008135762	0.0020467285
0	-0.99937433	-0.0050187693	0.0012502441	-0.071912296	-0.002511233	0.002512764	-0.7858804	-0.00789819	0.0019675472
0	-0.9993633	-0.0048639863	0.0011996175	-0.067917176	-0.00237172	0.0023731657	-0.78586316	-0.007654603	0.0018878747
0	-0.9993518	-0.004705258	0.0011486757	-0.06392205	-0.0022322072	0.0022335679	-0.7858453	-0.0074048084	0.001807706
0	-0.99934006	-0.004542416	0.0010974157	-0.059926923	-0.0020926942	0.0020939698	-0.78582656	-0.007148539	0.0017270365
0	-0.99932766	-0.0043753046	0.0010458346	-0.055931803	-0.001953181	0.0019543718	-0.7858071	-0.0068855505	0.0016458617
0	-0.9993146	-0.0042037372	0.0009939295	-0.05193666	-0.0018136686	0.0018147734	-0.78578675	-0.0066155493	0.001564177
0	-0.99930114	-0.004027541	0.0009416972	-0.047941536	-0.0016741556	0.0016751756	-0.78576547	-0.0063382634	0.0014819776
0	-0.9992871	-0.0038465075	0.0008891352	-0.04394641	-0.0015346425	0.0015355778	-0.78574324	-0.006053366	0.0013992591
0	-0.99927235	-0.00366045	0.00083623995	-0.03995128	-0.0013951295	0.0013959799	-0.7857201	-0.0057605617	0.0013160162
0	-0.99925697	-0.0034691428	0.0007830082	-0.035956148	-0.0012556165	0.001256382	-0.7856959	-0.0054594954	0.001232244
0	-0.99924076	-0.0032723506	0.0007294374	-0.031961024	-0.0011161036	0.0011167839	-0.7856705	-0.0051497975	0.001147938
0	-0.999224	-0.0030698383	0.0006755239	-0.027965901	-0.0009765906	0.0009771859	-0.78564405	-0.004831098	0.0010630926
0	-0.9992064	-0.0028613585	0.00062126474	-0.023970768	-0.0008370778	0.0008375878	-0.7856163	-0.0045030066	0.0009777033
0	-0.9991879	-0.0026465815	0.0005666566	-0.01997564	-0.00069756474	0.00069798995	-0.78558713	-0.004165006	0.0008917647
0	-0.9991685	-0.0024252885	0.0005116959	-0.015980512	-0.0005580518	0.00055839197	-0.7855567	-0.0038167504	0.00080527144
0	-0.99914813	-0.0021971143	0.00045637973	-0.011985384	-0.0004185389	0.0004187939	-0.7855246	-0.0034576657	0.0007182187
0	-0.99912673	-0.0019617474	0.00040070436	-0.007990256	-0.0002790259	0.00027919599	-0.7854911	-0.003087262	0.0006306006
0	-0.99910426	-0.001718827	0.0003446666	-0.003995128	-0.00013951295	0.00013959799	-0.78545576	-0.0027049703	0.00054241234
0	-0.9990808	-0.0014679808	0.0002882627	4.158265e-16	1.4520984e-17	-1.4529833e-17	-0.7854186	-0.0023102064	0.0004536478
0	-0.999056	-0.0012087964	0.00023148922	0.003995128	0.00013951295	-0.00013959799	-0.7853795	-0.0019023198	0.0003643016
0	-0.9990297	-0.000940833	0.00017434274	0.007990256	0.0002790259	-0.00027919599	-0.7853384	-0.0014806176	0.00027436845
0	-0.9990023	-0.0006636267	0.00011681948	0.011985384	0.0004185389	-0.0004187939	-0.785295	-0.0010443695	0.00018384236
0	-0.9989732	-0.000376681	5.8915834e-05	0.015980512	0.0005580518	-0.00055839197	-0.78524935	-0.0005927945	9.271763e-05
0	-0.99894255	-7.9449725e-05	6.282067e-07	0.01997564	0.00069756474	-0.00069798995	-0.7852011	-0.00012503244	9.886317e-07
0	-0.9989101	0.00022864644	-5.8047583e-05	0.023970768	0.0008370778	-0.0008375878	-0.78515005	0.00035982789	-9.1351256e-05
0	-0.99887586	0.00054825225	-0.00011711467	0.027965901	0.0009765906	-0.0009771859	-0.7850961	0.0008628012	-0.00018430693
0	-0.9988395	0.00088002894	-0.00017657736	0.031961024	0.0011161036	-0.0011167839	-0.785039	0.0013849284	-0.00027788518
0	-0.99880105	0.0012247204	-0.00023643947	0.035956148	0.0012556165	-0.001256382	-0.7849785	0.0019273798	-0.000372092
0	-0.9987602	0.0015831405	-0.00029670467	0.03995128	0.0013951295	-0.0013959799	-0.78491426	0.0024914364	-0.00046693315
0	-0.9987169	0.0019561164	-0.00035737685	0.04394641	0.0015346425	-0.0015355778	-0.78484595	0.0030784002	-0.0005624148
0	-0.99867076	0.0023446332	-0.00041845997	0.047941536	0.0016741556	-0.0016751756	-0.7847734	0.0036898209	-0.0006585432
0	-0.9986216	0.0027497138	-0.0004799576	0.05193666	0.0018136686	-0.0018147734	-0.7846961	0.004327309	-0.0007553239
0	-0.99856925	0.0031724903	-0.00054187374	0.055931803	0.001953181	-0.0019543718	-0.78461355	0.0049926443	-0.0008527632
0	-0.9985133	0.003614183	-0.00060421164	0.059926923	0.0020926942	-0.0020939698	-0.78452563	0.0056877504	-0.00095086626
0	-0.9984535	0.0040761856	-0.00066697475	0.06392205	0.0022322072	-0.0022335679	-0.7844314	0.0064148176	-0.0010496385
0	-0.9983894	0.004559925	-0.00073016586	0.067917176	0.00237172	-0.0023731657	-0.78433067	0.0071760924	-0.0011490843
0	-0.9983207	0.0050670994	-0.0007937881	0.071912296	0.002511233	-0.002512764	-0.7842226	0.007974248	-0.0012492086
0	-0.9982469	0.005599504	-0.0008578429	0.07590743	0.0026507454	-0.0026523618	-0.7841063	0.008812111	-0.0013500137
0	-0.9981674	0.0061591784	-0.00092233135	0.07990256	0.002790259	-0.0027919598	-0.7839814	0.009692886	-0.001451501
0	-0.99808174	0.006748281	-0.0009872539	0.0838977	0.0029297716	-0.0029315578	-0.78384656	0.010619976	-0.0015536714
0	-0.9979893	0.0073692915	-0.0010526085	0.08789282	0.003069285	-0.0030711556	-0.78370106	0.0115972785	-0.001656522
0	-0.99788934	0.008025025	-0.001118392	0.09188794	0.0032087977	-0.0032107534	-0.7835435	0.012629228	-0.0017600477
0	-0.99778074	0.008718493	-0.0011845983	0.09588307	0.0033483112	-0.0033503512	-0.7833727	0.013720557	-0.0018642384
0	-0.99766284	0.009453122	-0.001251218	0.0998782	0.0034878238	-0.003489949	-0.78318715	0.014876666	-0.00196908
0	-0.99753445	0.010232751	-0.0013182372	0.10387332	0.0036273373	-0.0036295468	-0.78298515	0.016103595	-0.00207455
0	-0.9973944	0.011061879	-0.0013856355	0.10786844	0.0037668496	-0.003769146	-0.78276473	0.017408418	-0.0021806168
0	-0.99724126	0.011944852	-0.0014533888	0.111863606	0.003906362	-0.0039087436	-0.78252375	0.018797977	-0.0022872423
0	-0.99707365	0.012887553	-0.00152146	0.115858726	0.0040458753	-0.0040483414	-0.7822598	0.020281535	-0.002394368
0	-0.9968893	0.013896091	-0.001589804	0.11985385	0.0041853883	-0.0041879397	-0.78196996	0.021868702	-0.0025019231
0	-0.9966866	0.01497746	-0.001658361	0.123848975	0.0043249014	-0.0043275375	-0.78165084	0.023570484	-0.0026098134
0	-0.9964631	0.016139522	-0.0017270601	0.1278441	0.0044644144	-0.0044671358	-0.781299	0.025399258	-0.002717927
0	-0.9962159	0.017391235	-0.0017958146	0.13183923	0.0046039275	-0.0046067336	-0.78091	0.027369116	-0.0028261282
0	-0.9959421	0.018742278	-0.001864529	0.13583435	0.00474344	-0.0047463314	-0.78047925	0.029495295	-0.0029342663
0	-0.9956385	0.02020288	-0.0019331125	0.1398295	0.0048829536	-0.00488593	-0.7800014	0.03179389	-0.003042198
0	-0.9953013	0.021784008	-0.0020014893	0.14382459	0.005022466	-0.005025528	-0.7794708	0.034282155	-0.0031498047
0	-0.994927	0.023494884	-0.0020696318	0.14781974	0.005161979	-0.0051651257	-0.77888167	0.036974616	-0.0032570427
0	-0.9945115	0.025346667	-0.0021375553	0.15181486	0.005301491	-0.0053047235	-0.7782279	0.03988882	-0.0033639355
0	-0.9940508	0.027349988	-0.0022053125	0.15581	0.005441006	-0.0054443213	-0.7775029	0.04304151	-0.0034705673
0	-0.99353963	0.029519934	-0.00227296	0.15980512	0.005580518	-0.0055839196	-0.7766985	0.04645642	-0.003577026
0	-0.9929715	0.03187764	-0.0023405296	0.16380025	0.005720031	-0.0057235174	-0.7758043	0.05016682	-0.0036833626
0	-0.99233735	0.03445403	-0.0024080116	0.1677954	0.005859543	-0.0058631157	-0.77480626	0.05422136	-0.0037895609
0	-0.99162376	0.037296943	-0.0024753308	0.1717905	0.0059990566	-0.0060027135	-0.77368337	0.05869534	-0.0038955037
0	-0.9908111	0.0404723	-0.002542362	0.17578565	0.00613857	-0.0061423113	-0.7724046	0.06369249	-0.0040009925
0	-0.9898681	0.044076566	-0.0026089295	0.17978074	0.0062780827	-0.006281909	-0.7709206	0.06936465	-0.0041057523
0	-0.9887438	0.048238497	-0.002674923	0.18377589	0.0064175953	-0.006421507	-0.7691509	0.07591438	-0.0042096083
0	-0.9873541	0.053125687	-0.0027404984	0.18777102	0.0065571074	-0.0065611047	-0.7669639	0.083605506	-0.004312806
0	-0.98555714	0.058985222	-0.0028062267	0.19176614	0.0066966224	-0.0067007025	-0.7641361	0.09282684	-0.0044162446
0	-0.9831348	0.0661589	-0.0028730475	0.19576131	0.0068361345	-0.0068403003	-0.76032394	0.10411627	-0.004521403
0	-0.9798065	0.07509241	-0.0029398843	0.1997564	0.0069756475	-0.006979898	-0.755086	0.118175216	-0.0046265856
0	-0.97464496	0.08761205	-0.0029915073	0.20375155	0.0071151596	-0.0071194987	-0.7469634	0.13787775	-0.004707826
0	-0.95988244	0.11443925	-0.0030116786	0.20774664	0.0072546746	-0.0072590937	-0.72373104	0.18009654	-0.0047395704
0	-0.003368335	0.051799912	-0.0038746826	0.21174179	0.0073941867	-0.0073986943	0.78156435	0.081519105	-0.0060977065
0	-0.0031515136	0.050083313	-0.0039269496	0.21573688	0.0075336993	-0.007538292	0.7819056	0.078817636	-0.0061799595
0	-0.0029616633	0.048530534	-0.003978846	0.21973205	0.007673212	-0.00767789	0.7822044	0.07637398	-0.0062616314
0	-0.0027942555	0.047119226	-0.0040303697	0.22372721	0.007812724	-0.007817487	0.78246784	0.074152954	-0.0063427156
0	-0.0026456933	0.04583087	-0.004081519	0.2277223	0.007952238	-0.007957085	0.7827016	0.072125435	-0.0064232103
0	-0.0025130922	0.044650096	-0.0041322922	0.23171745	0.008091751	-0.008096683	0.78291035	0.070267215	-0.0065031145
0	-0.0023941176	0.043564	-0.0041826917	0.23571254	0.008231264	-0.008236282	0.7830975	0.068557985	-0.0065824282
0	-0.0022868381	0.04256154	-0.004232716	0.2397077	0.008370777	-0.008375879	0.78326637	0.06698039	-0.006661154
0	-0.002189678	0.0416334	-0.004282369	0.24370278	0.008510291	-0.008515477	0.78341925	0.06551976	-0.006739294
0	-0.0021013226	0.040771656	-0.0043316516	0.24769795	0.008649803	-0.008655075	0.78355837	0.06416359	-0.006816852
0	-0.0020206762	0.039969407	-0.0043805675	0.25169304	0.008789316	-0.008794673	0.78368527	0.06290107	-0.0068938322
0	-0.0019467993	0.039220635	-0.00442912	0.2556882	0.008928829	-0.0089342715	0.7838015	0.06172271	-0.0069702407
0	-0.001878911	0.03852024	-0.0044773114	0.25968334	0.009068341	-0.009073869	0.7839083	0.060620468	-0.0070460807
0	-0.0018163319	0.03786361	-0.004525145	0.26367846	0.009207855	-0.009213467	0.78400683	0.059587114	-0.007121358
0	-0.0017584846	0.03724677	-0.004572625	0.26767358	0.009347367	-0.009353065	0.78409785	0.058616374	-0.007196079
0	-0.0017048626	0.036666095	-0.004619754	0.2716687	0.00948688	-0.009492663	0.7841822	0.057702553	-0.0072702477
0	-0.0016550543	0.036118764	-0.004666537	0.27566385	0.009626393	-0.009632261	0.78426063	0.056841202	-0.0073438706
0	-0.001608663	0.03560173	-0.004712977	0.279659	0.009765907	-0.00977186	0.78433365	0.056027524	-0.007416955
0	-0.0015653685	0.035112638	-0.004759077	0.2836541	0.009905419	-0.009911456	0.7844018	0.05525783	-0.007489504
0	-0.0015248738	0.03464922	-0.004804841	0.28764918	0.010044932	-0.010051056	0.7844655	0.05452853	-0.007561525
0	-0.0014869316	0.03420956	-0.004850273	0.29164436	0.010184445	-0.010190652	0.7845252	0.05383663	-0.007633022
0	-0.0014513121	0.03379184	-0.004895377	0.2956395	0.010323958	-0.010330251	0.7845813	0.05317925	-0.0077040037
0	-0.001417816	0.033394434	-0.0049401545	0.2996346	0.01046347	-0.010469847	0.784634	0.05255384	-0.0077744713
0	-0.0013862703	0.033016004	-0.0049846116	0.30362973	0.010602982	-0.010609447	0.78468364	0.05195829	-0.007844435
0	-0.0013565166	0.032655254	-0.00502875	0.30762485	0.010742497	-0.010749043	0.78473043	0.051390573	-0.007913897
0	-0.0013283945	0.032310702	-0.005072573	0.31162	0.010882012	-0.010888643	0.7847747	0.05084834	-0.007982863
0	-0.0013017922	0.0319815	-0.0051160865	0.31561515	0.011021524	-0.011028241	0.78481656	0.050330266	-0.008051341
0	-0.0012765938	0.031666614	-0.0051592914	0.31961024	0.011161036	-0.011167839	0.7848562	0.049834717	-0.008119334
0	-0.001252689	0.031365067	-0.0052021914	0.3236054	0.011300549	-0.011307437	0.7848938	0.049360164	-0.008186847
0	-0.0012299882	0.031076098	-0.00524479	0.3276005	0.011440062	-0.011447035	0.7849295	0.048905406	-0.008253886
0	-0.0012084038	0.03079888	-0.0052870912	0.33159563	0.011579574	-0.011586633	0.78496355	0.048469137	-0.008320455
0	-0.0011878602	0.030532764	-0.005329097	0.3355908	0.011719086	-0.011726231	0.78499585	0.04805034	-0.008386563
0	-0.0011682819	0.030277021	-0.005370811	0.3395859	0.011858598	-0.011865831	0.7850267	0.047647875	-0.008452209
0	-0.0011496105	0.030031132	-0.005412237	0.343581	0.011998113	-0.012005427	0.7850561	0.04726091	-0.008517401
0	-0.0011317842	0.029794479	-0.005453376	0.34757614	0.012137628	-0.012145027	0.7850841	0.046888478	-0.008582144
0	-0.0011147441	0.02956657	-0.005494234	0.3515713	0.01227714	-0.0122846225	0.78511095	0.046529815	-0.008646443
0	-0.0010984527	0.02934702	-0.0055348114	0.35556647	0.012416652	-0.012424222	0.7851365	0.046184305	-0.0087103015
0	-0.0010828456	0.02913513	-0.005575113	0.35956147	0.012556165	-0.012563818	0.7851611	0.045850847	-0.0087737255
0	-0.0010678977	0.028930688	-0.0056151403	0.36355665	0.0126956785	-0.012703418	0.78518456	0.04552911	-0.008836716
0	-0.0010535631	0.028733337	-0.005654897	0.36755177	0.012835191	-0.012843014	0.7852072	0.045218527	-0.008899283
0	-0.0010398133	0.028542701	-0.005694384	0.37154695	0.012974703	-0.012982613	0.7852289	0.044918515	-0.008961426
0	-0.0010266041	0.028358348	-0.005733608	0.37554204	0.013114215	-0.013122209	0.7852497	0.0446284	-0.009023152
0	-0.0010139124	0.02818005	-0.0057725674	0.37953714	0.013253733	-0.013261809	0.7852696	0.0443478	-0.009084465
0	-0.001001709	0.028007519	-0.005811267	0.3835323	0.013393245	-0.013401405	0.78528875	0.044076286	-0.009145368
0	-0.0009899625	0.027840383	-0.0058497093	0.38752744	0.013532757	-0.013541005	0.78530735	0.04381326	-0.009205866
0	-0.0009786527	0.02767848	-0.005887897	0.39152262	0.013672269	-0.013680601	0.7853251	0.04355847	-0.009265962
0	-0.0009677576	0.027521579	-0.005925833	0.39551762	0.013811782	-0.013820201	0.7853422	0.043311547	-0.009325664
0	-0.00095726544	0.02736955	-0.0059635183	0.3995128	0.013951295	-0.013959796	0.7853587	0.0430723	-0.00938497
0	-0.0009471208	0.027221726	-0.0060009575	0.40350795	0.014090807	-0.014099397	0.7853747	0.042839658	-0.009443888
0	-0.00093734765	0.027078468	-0.0060381508	0.4075031	0.014230319	-0.014238997	0.78539014	0.042614207	-0.009502421
0	-0.0009278998	0.026939264	-0.0060751014	0.4114981	0.014369831	-0.014378592	0.785405	0.042395137	-0.009560572
0	-0.0009187768	0.026804058	-0.0061118137	0.41549328	0.014509349	-0.014518187	0.78541934	0.042182364	-0.0096183475
0	-0.00090996694	0.026672801	-0.0061482876	0.41948846	0.014648861	-0.014657789	0.78543323	0.041975796	-0.009675749
0	-0.0009014304	0.02654491	-0.0061845267	0.42348358	0.014788373	-0.014797389	0.78544664	0.041774534	-0.009732778
0	-0.00089317805	0.026420621	-0.006220533	0.42747876	0.0149278855	-0.0149369845	0.78545964	0.041578937	-0.009789442
0	-0.00088519196	0.02629971	-0.0062563084	0.43147376	0.015067399	-0.015076584	0.7854722	0.041388657	-0.009845742
0	-0.000877454	0.026182009	-0.006291855	0.43546894	0.015206912	-0.01521618	0.78548443	0.041203424	-0.009901683
0	-0.0008699596	0.026067363	-0.0063271755	0.4394641	0.015346424	-0.01535578	0.7854961	0.041023005	-0.009957268
0	-0.0008626973	0.025955768	-0.006362271	0.44345924	0.015485936	-0.015495376	0.7855076	0.04084739	-0.010012501
0	-0.0008556546	0.025846967	-0.0063971467	0.44745442	0.015625449	-0.015634974	0.7855187	0.040676158	-0.010067385
0	-0.00084882166	0.02574095	-0.0064318017	0.45144942	0.015764965	-0.015774572	0.7855294	0.040509313	-0.010121922
0	-0.0008421953	0.025637576	-0.0064662388	0.4554446	0.015904477	-0.01591417	0.78553987	0.040346634	-0.010176118
0	-0.0008357598	0.025536729	-0.00650046	0.45943972	0.016043989	-0.016053768	0.78555	0.040187933	-0.010229973
0	-0.0008295061	0.025438307	-0.006534469	0.4634349	0.016183501	-0.016193366	0.7855598	0.040033035	-0.0102834925
0	-0.00082343613	0.025342304	-0.006568266	0.46743008	0.016323015	-0.016332967	0.7855693	0.039881956	-0.01033668
0	-0.0008175409	0.025248595	-0.006601853	0.4714251	0.016462527	-0.016472563	0.78557867	0.039734483	-0.010389537
0	-0.00081179995	0.025156971	-0.006635233	0.47542024	0.016602041	-0.01661216	0.78558767	0.03959029	-0.010442068
0	-0.0008062288	0.025067631	-0.006668407	0.4794154	0.016741553	-0.016751759	0.78559643	0.039449695	-0.010494275
0	-0.00080079766	0.024980165	-0.0067013763	0.48341057	0.016881065	-0.016891358	0.78560495	0.039312046	-0.010546161
0	-0.0007955201	0.024894804	-0.0067341444	0.48740557	0.017020581	-0.017030954	0.78561324	0.03917771	-0.010597728
0	-0.00079039094	0.024811432	-0.006766713	0.49140075	0.017160093	-0.01717055	0.7856214	0.03904651	-0.010648983
0	-0.00078538083	0.024729691	-0.0067990837	0.4953959	0.017299606	-0.01731015	0.7856292	0.03891787	-0.010699925
