# t (s)	mx ()	my ()	mz ()	B_extx (T)	B_exty (T)	B_extz (T)	m_zrange1_x ()	m_zrange1_y ()	m_zrange1_z ()
0	-0.9990807	-0.0014679654	0.00028826276	0	0	0	-0.7854186	-0.0023101824	0.0004536479
0	-0.9990402	0.0064958353	0.00023640678	-0.00013951295	0.003995128	-0.00013959799	-0.7853548	0.010222694	0.00037204055
0	-0.99887085	0.014452163	0.00018491506	-0.0002790259	0.007990256	-0.00027919599	-0.7850883	0.02274381	0.00029100646
0	-0.99857366	0.022395499	0.0001337924	-0.0004185389	0.011985384	-0.0004187939	-0.78462046	0.03524448	0.00021055317
0	-0.99814916	0.03032061	8.303553e-05	-0.0005580518	0.015980512	-0.00055839197	-0.7839525	0.04771647	0.00013067554
0	-0.9975988	0.038222507	3.2634678e-05	-0.00069756474	0.01997564	-0.00069798995	-0.7830864	0.06015192	5.1358198e-05
0	-0.99692404	0.046096556	-1.742532e-05	-0.0008370778	0.023970768	-0.0008375878	-0.7820245	0.072543554	-2.7422759e-05
0	-0.9961265	0.053938564	-6.716285e-05	-0.0009765906	0.027965901	-0.0009771859	-0.7807694	0.08488476	-0.000105696214
0	-0.9952078	0.06174445	-0.000116599054	-0.0011161036	0.031961024	-0.0011167839	-0.7793237	0.09716912	-0.00018349549
0	-0.99416995	0.06951075	-0.00016575467	-0.0012556165	0.035956148	-0.001256382	-0.77769035	0.10939119	-0.00026085318
0	-0.99301475	0.077234134	-0.0002146499	-0.0013951295	0.03995128	-0.0013959799	-0.77587223	0.1215457	-0.00033780112
0	-0.99174404	0.084911466	-0.00026330404	-0.0015346425	0.04394641	-0.0015355778	-0.77387255	0.13362777	-0.0004143696
0	-0.9903599	0.09253973	-0.00031173456	-0.0016741556	0.047941536	-0.0016751756	-0.7716943	0.1456326	-0.00049058616
0	-0.9888643	0.10011614	-0.00035995623	-0.0018136686	0.05193666	-0.0018147734	-0.76934063	0.15755582	-0.00056647405
0	-0.9872593	0.10763787	-0.0004079831	-0.001953181	0.055931803	-0.0019543718	-0.7668148	0.16939297	-0.00064205553
0	-0.9855471	0.11510205	-0.00045582728	-0.0020926942	0.059926923	-0.0020939698	-0.7641203	0.1811396	-0.0007173493
0	-0.9837299	0.12250584	-0.00050349964	-0.0022322072	0.06392205	-0.0022335679	-0.7612605	0.19279116	-0.00079237274
0	-0.98181	0.12984645	-0.00055100984	-0.00237172	0.067917176	-0.0023731657	-0.7582391	0.20434332	-0.00086714095
0	-0.97978973	0.1371212	-0.00059836626	-0.002511233	0.071912296	-0.002512764	-0.7550596	0.21579182	-0.0009416672
0	-0.9776719	0.1443265	-0.0006455816	-0.0026507454	0.07590743	-0.0026523618	-0.75172657	0.22713098	-0.0010159714
0	-0.9754588	0.1514598	-0.0006926623	-0.002790259	0.07990256	-0.0027919598	-0.7482439	0.2383569	-0.0010900637
0	-0.97315365	0.15851782	-0.0007396198	-0.0029297716	0.0838977	-0.0029315578	-0.7446163	0.24946432	-0.0011639621
0	-0.9707593	0.16549772	-0.0007864642	-0.003069285	0.08789282	-0.0030711556	-0.74084824	0.2604488	-0.0012376826
0	-0.968279	0.17239606	-0.0008332095	-0.0032087977	0.09188794	-0.0032107534	-0.73694485	0.27130497	-0.0013112472
0	-0.96571594	0.17920986	-0.00087986916	-0.0033483112	0.09588307	-0.0033503512	-0.73291147	0.28202802	-0.0013846769
0	-0.963074	0.18593602	-0.0009264582	-0.0034878238	0.0998782	-0.003489949	-0.72875357	0.2926132	-0.0014579955
0	-0.9603565	0.19257152	-0.0009729928	-0.0036273373	0.10387332	-0.0036295468	-0.72447705	0.30305564	-0.0015312283
0	-0.9575674	0.19911365	-0.0010194876	-0.0037668496	0.10786844	-0.003769146	-0.7200877	0.31335127	-0.0016043987
0	-0.9547106	0.20555949	-0.0010659586	-0.003906362	0.111863606	-0.0039087436	-0.71559197	0.32349524	-0.0016775316
0	-0.95179015	0.21190672	-0.0011124179	-0.0040458753	0.115858726	-0.0040483414	-0.710996	0.33348405	-0.0017506459
0	-0.9488101	0.21815298	-0.0011588758	-0.0041853883	0.11985385	-0.0041879397	-0.7063061	0.343314	-0.001823758
0	-0.9457745	0.22429621	-0.0012053391	-0.0043249014	0.123848975	-0.0043275375	-0.7015289	0.3529818	-0.0018968787
0	-0.94268763	0.23033445	-0.0012518121	-0.0044644144	0.1278441	-0.0044671358	-0.696671	0.3624843	-0.0019700148
0	-0.9395533	0.2362663	-0.0012982943	-0.0046039275	0.13183923	-0.0046067336	-0.6917386	0.37181947	-0.0020431653
0	-0.93637615	0.2420903	-0.0013447825	-0.00474344	0.13583435	-0.0047463314	-0.6867383	0.38098487	-0.0021163253
0	-0.93315965	0.2478053	-0.0013912726	-0.0048829536	0.1398295	-0.00488593	-0.6816765	0.38997874	-0.0021894884
0	-0.9299082	0.25341025	-0.001437756	-0.005022466	0.14382459	-0.005025528	-0.6765597	0.39879945	-0.0022626405
0	-0.9266258	0.2589046	-0.0014842242	-0.005161979	0.14781974	-0.0051651257	-0.671394	0.4074461	-0.002335769
0	-0.9233162	0.26428777	-0.0015306668	-0.005301491	0.15181486	-0.0053047235	-0.6661857	0.4159177	-0.002408857
0	-0.9199833	0.26955944	-0.0015770738	-0.005441006	0.15581	-0.0054443213	-0.6609407	0.42421392	-0.0024818894
0	-0.9166311	0.27471942	-0.0016234356	-0.005580518	0.15980512	-0.0055839196	-0.65566504	0.4323344	-0.0025548502
0	-0.9132629	0.2797682	-0.0016697426	-0.005720031	0.16380025	-0.0057235174	-0.6503643	0.4402797	-0.002627725
0	-0.90988237	0.28470567	-0.0017159866	-0.005859543	0.1677954	-0.0058631157	-0.6450442	0.44804996	-0.0027005004
0	-0.9064928	0.28953248	-0.0017621601	-0.0059990566	0.1717905	-0.0060027135	-0.63971007	0.45564613	-0.0027731652
0	-0.9030977	0.29424933	-0.0018082568	-0.00613857	0.17578565	-0.0061423113	-0.6343671	0.46306914	-0.002845709
0	-0.8997001	0.298857	-0.0018542721	-0.0062780827	0.17978074	-0.006281909	-0.6290202	0.47032037	-0.0029181242
0	-0.8963028	0.3033568	-0.0019002008	-0.0064175953	0.18377589	-0.006421507	-0.62367386	0.47740182	-0.0029904037
0	-0.89290875	0.30774957	-0.0019460403	-0.0065571074	0.18777102	-0.0065611047	-0.6183326	0.48431492	-0.003062543
0	-0.8895208	0.31203684	-0.0019917875	-0.0066966224	0.19176614	-0.0067007025	-0.61300075	0.4910618	-0.0031345366
0	-0.8861412	0.3162198	-0.0020374397	-0.0068361345	0.19576131	-0.0068403003	-0.60768217	0.49764475	-0.003206381
0	-0.88277227	0.32030028	-0.0020829958	-0.0069756475	0.1997564	-0.006979898	-0.60238045	0.50406635	-0.0032780736
0	-0.8794163	0.32427981	-0.0021284528	-0.0071151596	0.20375155	-0.0071194987	-0.597099	0.51032907	-0.003349611
0	-0.87607557	0.32815996	-0.0021738096	-0.0072546746	0.20774664	-0.0072590937	-0.59184146	0.51643527	-0.0034209907
0	-0.87275153	0.33194262	-0.0022190644	-0.0073941867	0.21174179	-0.0073986943	-0.58661044	0.5223882	-0.0034922091
0	-0.8694463	0.33562964	-0.0022642154	-0.0075336993	0.21573688	-0.007538292	-0.58140886	0.5281906	-0.0035632649
0	-0.8661614	0.3392229	-0.0023092607	-0.007673212	0.21973205	-0.00767789	-0.5762392	0.5338454	-0.0036341539
0	-0.8628983	0.34272423	-0.0023541981	-0.007812724	0.22372721	-0.007817487	-0.57110405	0.5393556	-0.0037048734
0	-0.85965836	0.34613574	-0.002399026	-0.007952238	0.2277223	-0.007957085	-0.5660053	0.54472435	-0.0037754201
0	-0.856443	0.34945902	-0.0024437422	-0.008091751	0.23171745	-0.008096683	-0.56094533	0.54995435	-0.0038457918
0	-0.85325336	0.35269636	-0.0024883456	-0.008231264	0.23571254	-0.008236282	-0.5559256	0.555049	-0.003915985
0	-0.85009056	0.35584953	-0.0025328319	-0.008370777	0.2397077	-0.008375879	-0.55094814	0.5600112	-0.003985995
0	-0.84695536	0.3589206	-0.0025771998	-0.008510291	0.24370278	-0.008515477	-0.54601425	0.5648443	-0.004055818
0	-0.84384876	0.3619115	-0.0026214474	-0.008649803	0.24769795	-0.008655075	-0.5411253	0.56955117	-0.0041254517
0	-0.84077144	0.36482427	-0.0026655712	-0.008789316	0.25169304	-0.008794673	-0.53628236	0.57413507	-0.0041948906
0	-0.83772427	0.36766064	-0.00270957	-0.008928829	0.2556882	-0.0089342715	-0.5314869	0.5785988	-0.004264133
0	-0.8347076	0.3704227	-0.002753441	-0.009068341	0.25968334	-0.009073869	-0.52673954	0.5829456	-0.004333174
0	-0.83172214	0.37311232	-0.0027971806	-0.009207855	0.26367846	-0.009213467	-0.52204126	0.58717823	-0.004402008
0	-0.82876843	0.3757313	-0.0028407874	-0.009347367	0.26767358	-0.009353065	-0.5173929	0.5912998	-0.004470634
0	-0.8258466	0.37828153	-0.0028842592	-0.00948688	0.2716687	-0.009492663	-0.5127948	0.5953132	-0.0045390464
0	-0.8229572	0.38076484	-0.0029275932	-0.009626393	0.27566385	-0.009632261	-0.50824755	0.5992212	-0.0046072425
0	-0.8201004	0.38318303	-0.0029707863	-0.009765907	0.279659	-0.00977186	-0.5037517	0.60302675	-0.0046752174
0	-0.8172763	0.38553777	-0.0030138374	-0.009905419	0.2836541	-0.009911456	-0.4993075	0.6067326	-0.004742968
0	-0.8144853	0.3878309	-0.0030567434	-0.010044932	0.28764918	-0.010051056	-0.49491522	0.6103413	-0.0048104906
0	-0.8117274	0.39006406	-0.0030995023	-0.010184445	0.29164436	-0.010190652	-0.490575	0.6138557	-0.004877781
0	-0.80900264	0.39223894	-0.003142112	-0.010323958	0.2956395	-0.010330251	-0.48628685	0.6172784	-0.004944837
0	-0.806311	0.39435714	-0.00318457	-0.01046347	0.2996346	-0.010469847	-0.48205104	0.62061185	-0.0050116545
0	-0.8036526	0.39642024	-0.0032268742	-0.010602982	0.30362973	-0.010609447	-0.4778674	0.6238586	-0.0050782296
0	-0.8010273	0.39842972	-0.0032690233	-0.010742497	0.30762485	-0.010749043	-0.47373584	0.627021	-0.0051445616
0	-0.798435	0.40038723	-0.0033110145	-0.010882012	0.31162	-0.010888643	-0.46965617	0.6301016	-0.005210644
0	-0.7958755	0.40229422	-0.003352847	-0.011021524	0.31561515	-0.011028241	-0.46562824	0.63310266	-0.0052764774
0	-0.7933488	0.40415207	-0.003394518	-0.011161036	0.31961024	-0.011167839	-0.46165186	0.63602644	-0.0053420565
0	-0.7908546	0.40596223	-0.0034360264	-0.011300549	0.3236054	-0.011307437	-0.45772672	0.63887507	-0.0054073795
0	-0.7883928	0.407726	-0.003477371	-0.011440062	0.3276005	-0.011447035	-0.4538526	0.6416508	-0.0054724445
0	-0.7859633	0.40944466	-0.0035185495	-0.011579574	0.33159563	-0.011586633	-0.45002916	0.64435554	-0.0055372487
0	-0.78356564	0.4111197	-0.0035595617	-0.011719086	0.3355908	-0.011726231	-0.44625583	0.6469916	-0.0056017907
0	-0.78119963	0.4127522	-0.0036004055	-0.011858598	0.3395859	-0.011865831	-0.44253236	0.64956075	-0.005666068
0	-0.778865	0.41434354	-0.0036410794	-0.011998113	0.343581	-0.012005427	-0.43885827	0.65206516	-0.0057300776
0	-0.7765615	0.4158948	-0.0036815826	-0.012137628	0.34757614	-0.012145027	-0.43523327	0.65450627	-0.0057938197
0	-0.7742888	0.41740716	-0.0037219147	-0.01227714	0.3515713	-0.0122846225	-0.4316566	0.6568864	-0.0058572907
0	-0.77204645	0.4188818	-0.0037620738	-0.012416652	0.35556647	-0.012424222	-0.42812777	0.65920705	-0.0059204902
0	-0.76983434	0.42031974	-0.0038020592	-0.012556165	0.35956147	-0.012563818	-0.42464656	0.66147	-0.005983417
0	-0.76765203	0.42172205	-0.0038418702	-0.0126956785	0.36355665	-0.012703418	-0.42121223	0.66367686	-0.0060460684
0	-0.76549923	0.42308974	-0.0038815066	-0.012835191	0.36755177	-0.012843014	-0.41782436	0.66582924	-0.006108445
0	-0.7633757	0.42442393	-0.003920967	-0.012974703	0.37154695	-0.012982613	-0.41448227	0.6679288	-0.0061705452
0	-0.7612808	0.42572543	-0.003960252	-0.013114215	0.37554204	-0.013122209	-0.41118547	0.6699771	-0.0062323688
0	-0.75921434	0.42699528	-0.003999359	-0.013253733	0.37953714	-0.013261809	-0.40793347	0.6719755	-0.006293914
0	-0.757176	0.42823437	-0.00403829	-0.013393245	0.3835323	-0.013401405	-0.40472567	0.67392546	-0.00635518
0	-0.7551652	0.4294436	-0.004077043	-0.013532757	0.38752744	-0.013541005	-0.4015613	0.67582846	-0.0064161667
0	-0.7531819	0.4306238	-0.004115618	-0.013672269	0.39152262	-0.013680601	-0.39844	0.67768574	-0.0064768735
0	-0.7512255	0.4317758	-0.004154016	-0.013811782	0.39551762	-0.013820201	-0.39536116	0.67949873	-0.0065373015
0	-0.7492956	0.43290043	-0.004192235	-0.013951295	0.3995128	-0.013959796	-0.3923241	0.68126863	-0.0065974477
0	-0.74739194	0.43399853	-0.0042302753	-0.014090807	0.40350795	-0.014099397	-0.38932827	0.68299663	-0.006657313
0	-0.7455142	0.43507072	-0.0042681377	-0.014230319	0.4075031	-0.014238997	-0.38637307	0.684684	-0.0067168986
0	-0.7436618	0.4361178	-0.0043058223	-0.014369831	0.4114981	-0.014378592	-0.38345802	0.6863318	-0.0067762034
0	-0.7418345	0.4371405	-0.004343328	-0.014509349	0.41549328	-0.014518187	-0.38058245	0.6879413	-0.0068352274
0	-0.7400321	0.43813947	-0.004380656	-0.014648861	0.41948846	-0.014657789	-0.37774566	0.6895134	-0.006893972
0	-0.73825383	0.43911543	-0.0044178055	-0.014788373	0.42348358	-0.014797389	-0.3749473	0.69104934	-0.0069524357
0	-0.7364996	0.44006905	-0.004454778	-0.0149278855	0.42747876	-0.0149369845	-0.37218666	0.69255	-0.007010619
0	-0.734769	0.44100085	-0.004491572	-0.015067399	0.43147376	-0.015076584	-0.36946318	0.69401646	-0.0070685237
0	-0.73306173	0.44191155	-0.004528189	-0.015206912	0.43546894	-0.01521618	-0.3667763	0.6954497	-0.0071261493
0	-0.7313772	0.44280162	-0.00456463	-0.015346424	0.4394641	-0.01535578	-0.36412543	0.6968504	-0.007183497
0	-0.72971535	0.44367176	-0.004600893	-0.015485936	0.44345924	-0.015495376	-0.3615101	0.6982199	-0.0072405646
0	-0.7280757	0.4445225	-0.004636979	-0.015625449	0.44745442	-0.015634974	-0.35892966	0.69955856	-0.0072973566
0	-0.72645783	0.44535434	-0.0046728915	-0.015764965	0.45144942	-0.015774572	-0.3563836	0.70086765	-0.007353871
0	-0.72486144	0.44616774	-0.0047086272	-0.015904477	0.4554446	-0.01591417	-0.35387135	0.7021477	-0.00741011
0	-0.7232863	0.44696328	-0.0047441884	-0.016043989	0.45943972	-0.016053768	-0.3513924	0.7033998	-0.0074660736
0	-0.72173196	0.44774148	-0.004779575	-0.016183501	0.4634349	-0.016193366	-0.34894624	0.7046244	-0.0075217634
0	-0.720198	0.44850272	-0.004814789	-0.016323015	0.46743008	-0.016332967	-0.3465323	0.7058224	-0.0075771804
0	-0.71868426	0.44924754	-0.004849829	-0.016462527	0.4714251	-0.016472563	-0.34415007	0.70699453	-0.0076323235
0	-0.7171903	0.44997638	-0.0048846966	-0.016602041	0.47542024	-0.01661216	-0.34179902	0.70814157	-0.0076871957
0	-0.71571594	0.4506896	-0.0049193916	-0.016741553	0.4794154	-0.016751759	-0.33947867	0.70926404	-0.007741796
0	-0.71426076	0.45138767	-0.0049539157	-0.016881065	0.48341057	-0.016891358	-0.33718857	0.7103626	-0.007796128
0	-0.71282434	0.452071	-0.004988269	-0.017020581	0.48740557	-0.017030954	-0.33492818	0.71143794	-0.007850192
0	-0.7114065	0.45273995	-0.0050224517	-0.017160093	0.49140075	-0.01717055	-0.33269706	0.71249074	-0.007903986
0	-0.71000713	0.45339498	-0.005056466	-0.017299606	0.4953959	-0.01731015	-0.33049464	0.71352136	-0.007957514
0	-0.7086257	0.45403636	-0.0050903116	-0.017439118	0.49939105	-0.01744975	-0.32832056	0.7145308	-0.008010778
0	-0.7100071	0.453395	-0.005056466	-0.017299606	0.4953959	-0.01731015	-0.33049452	0.7135216	-0.007957514
0	-0.7114065	0.45274004	-0.0050224527	-0.017160093	0.49140075	-0.01717055	-0.3326969	0.7124908	-0.007903986
0	-0.7128243	0.45207107	-0.004988268	-0.017020581	0.48740557	-0.017030954	-0.3349281	0.711438	-0.00785019
0	-0.71426064	0.45138767	-0.0049539153	-0.016881065	0.48341057	-0.016891358	-0.33718845	0.71036255	-0.007796128
0	-0.71571577	0.45068964	-0.0049193916	-0.016741553	0.4794154	-0.016751759	-0.33947858	0.7092641	-0.0077417963
0	-0.71719027	0.44997638	-0.004884696	-0.016602041	0.47542024	-0.01661216	-0.3417989	0.7081416	-0.0076871947
0	-0.7186841	0.4492476	-0.004849829	-0.016462527	0.4714251	-0.016472563	-0.3441499	0.70699465	-0.0076323226
0	-0.72019786	0.44850278	-0.0048147887	-0.016323015	0.46743008	-0.016332967	-0.3465321	0.7058226	-0.0075771795
0	-0.7217317	0.4477415	-0.004779575	-0.016183501	0.4634349	-0.016193366	-0.3489461	0.7046245	-0.007521763
0	-0.7232862	0.44696334	-0.004744188	-0.016043989	0.45943972	-0.016053768	-0.35139227	0.70339984	-0.007466073
0	-0.7248613	0.4461678	-0.0047086272	-0.015904477	0.4554446	-0.01591417	-0.3538712	0.70214784	-0.00741011
0	-0.7264577	0.4453544	-0.004672891	-0.015764965	0.45144942	-0.015774572	-0.35638344	0.7008677	-0.007353871
0	-0.7280757	0.4445226	-0.004636979	-0.015625449	0.44745442	-0.015634974	-0.3589295	0.69955873	-0.0072973557
0	-0.7297153	0.44367185	-0.0046008923	-0.015485936	0.44345924	-0.015495376	-0.36150995	0.6982199	-0.007240565
0	-0.7313772	0.4428017	-0.004564629	-0.015346424	0.4394641	-0.01535578	-0.3641253	0.6968506	-0.0071834954
0	-0.73306155	0.44191158	-0.0045281886	-0.015206912	0.43546894	-0.01521618	-0.3667761	0.69544977	-0.0071261483
0	-0.7347688	0.4410009	-0.004491572	-0.015067399	0.43147376	-0.015076584	-0.369463	0.69401664	-0.007068523
0	-0.7364995	0.44006908	-0.004454777	-0.0149278855	0.42747876	-0.0149369845	-0.37218645	0.69255006	-0.0070106187
0	-0.7382538	0.43911552	-0.004417805	-0.014788373	0.42348358	-0.014797389	-0.37494707	0.69104946	-0.0069524343
0	-0.74003184	0.43813956	-0.0043806555	-0.014648861	0.41948846	-0.014657789	-0.37774545	0.68951356	-0.006893971
0	-0.74183434	0.43714052	-0.004343328	-0.014509349	0.41549328	-0.014518187	-0.38058215	0.6879414	-0.0068352274
0	-0.74366176	0.43611783	-0.0043058223	-0.014369831	0.4114981	-0.014378592	-0.38345772	0.686332	-0.0067762034
0	-0.745514	0.43507078	-0.0042681373	-0.014230319	0.4075031	-0.014238997	-0.38637286	0.68468416	-0.0067168977
0	-0.7473918	0.43399858	-0.0042302753	-0.014090807	0.40350795	-0.014099397	-0.389328	0.6829968	-0.006657313
0	-0.7492955	0.43290052	-0.0041922345	-0.013951295	0.3995128	-0.013959796	-0.39232385	0.6812688	-0.006597447
0	-0.75122535	0.43177596	-0.004154015	-0.013811782	0.39551762	-0.013820201	-0.3953609	0.6794989	-0.0065373
0	-0.7531817	0.43062392	-0.004115618	-0.013672269	0.39152262	-0.013680601	-0.39843976	0.677686	-0.0064768726
0	-0.75516504	0.4294437	-0.0040770425	-0.013532757	0.38752744	-0.013541005	-0.40156102	0.67582864	-0.0064161653
0	-0.75717574	0.42823452	-0.004038289	-0.013393245	0.3835323	-0.013401405	-0.40472537	0.67392564	-0.0063551795
0	-0.75921416	0.4269954	-0.003999359	-0.013253733	0.37953714	-0.013261809	-0.4079332	0.6719757	-0.006293913
0	-0.7612806	0.4257255	-0.0039602513	-0.013114215	0.37554204	-0.013122209	-0.41118523	0.6699772	-0.006232368
0	-0.76337546	0.42442396	-0.0039209668	-0.012974703	0.37154695	-0.012982613	-0.41448203	0.667929	-0.006170545
0	-0.7654992	0.42308986	-0.0038815062	-0.012835191	0.36755177	-0.012843014	-0.41782412	0.66582936	-0.006108445
0	-0.767652	0.42172214	-0.00384187	-0.0126956785	0.36355665	-0.012703418	-0.421212	0.663677	-0.0060460675
0	-0.7698342	0.42031983	-0.0038020588	-0.012556165	0.35956147	-0.012563818	-0.42464626	0.6614701	-0.005983415
0	-0.77204627	0.41888192	-0.0037620729	-0.012416652	0.35556647	-0.012424222	-0.4281275	0.6592072	-0.0059204893
0	-0.7742885	0.4174073	-0.0037219136	-0.01227714	0.3515713	-0.0122846225	-0.43165624	0.6568866	-0.005857289
0	-0.77656126	0.41589496	-0.0036815817	-0.012137628	0.34757614	-0.012145027	-0.43523285	0.65450656	-0.005793818
0	-0.7788648	0.4143437	-0.0036410785	-0.011998113	0.343581	-0.012005427	-0.43885794	0.65206534	-0.005730076
0	-0.7811994	0.41275245	-0.0036004044	-0.011858598	0.3395859	-0.011865831	-0.44253203	0.64956105	-0.0056660664
0	-0.78356534	0.4111199	-0.0035595605	-0.011719086	0.3355908	-0.011726231	-0.44625536	0.6469919	-0.005601789
0	-0.785963	0.4094449	-0.003518548	-0.011579574	0.33159563	-0.011586633	-0.4500287	0.6443559	-0.005537247
0	-0.78839266	0.40772614	-0.00347737	-0.011440062	0.3276005	-0.011447035	-0.45385224	0.64165103	-0.005472443
0	-0.7908543	0.4059624	-0.003436025	-0.011300549	0.3236054	-0.011307437	-0.45772633	0.63887537	-0.005407377
0	-0.7933485	0.40415227	-0.0033945167	-0.011161036	0.31961024	-0.011167839	-0.4616514	0.63602686	-0.005342054
0	-0.795875	0.40229455	-0.003352845	-0.011021524	0.31561515	-0.011028241	-0.4656276	0.63310313	-0.0052764746
0	-0.79843456	0.4003876	-0.0033110122	-0.010882012	0.31162	-0.010888643	-0.46965548	0.63010216	-0.0052106413
0	-0.8010268	0.39843008	-0.003269021	-0.010742497	0.30762485	-0.010749043	-0.47373512	0.6270215	-0.005144558
0	-0.8036522	0.39642057	-0.0032268723	-0.010602982	0.30362973	-0.010609447	-0.4778667	0.62385905	-0.0050782273
0	-0.8063106	0.39435747	-0.003184568	-0.01046347	0.2996346	-0.010469847	-0.48205036	0.6206124	-0.0050116517
0	-0.8090022	0.3922393	-0.0031421098	-0.010323958	0.2956395	-0.010330251	-0.48628622	0.617279	-0.004944834
0	-0.811727	0.39006442	-0.0030995002	-0.010184445	0.29164436	-0.010190652	-0.49057427	0.61385626	-0.004877778
0	-0.81448495	0.38783127	-0.0030567413	-0.010044932	0.28764918	-0.010051056	-0.49491447	0.61034197	-0.004810487
0	-0.81727594	0.38553813	-0.0030138355	-0.009905419	0.2836541	-0.009911456	-0.49930686	0.6067331	-0.0047429646
0	-0.82009995	0.38318333	-0.0029707847	-0.009765907	0.279659	-0.00977186	-0.50375104	0.6030272	-0.004675214
0	-0.82295686	0.38076517	-0.0029275913	-0.009626393	0.27566385	-0.009632261	-0.50824696	0.5992217	-0.0046072397
0	-0.82584625	0.3782818	-0.0028842574	-0.00948688	0.2716687	-0.009492663	-0.51279414	0.5953137	-0.0045390436
0	-0.82876796	0.3757316	-0.002840786	-0.009347367	0.26767358	-0.009353065	-0.5173923	0.5913003	-0.004470631
0	-0.8317219	0.37311262	-0.0027971792	-0.009207855	0.26367846	-0.009213467	-0.5220407	0.5871787	-0.004402006
0	-0.8347073	0.370423	-0.0027534391	-0.009068341	0.25968334	-0.009073869	-0.52673906	0.58294606	-0.004333171
0	-0.8377239	0.367661	-0.0027095682	-0.008928829	0.2556882	-0.0089342715	-0.5314863	0.57859933	-0.0042641303
0	-0.8407711	0.36482456	-0.0026655698	-0.008789316	0.25169304	-0.008794673	-0.5362818	0.57413554	-0.0041948883
0	-0.84384835	0.36191195	-0.0026214453	-0.008649803	0.24769795	-0.008655075	-0.5411246	0.5695518	-0.004125448
0	-0.84695494	0.35892093	-0.0025771984	-0.008510291	0.24370278	-0.008515477	-0.54601365	0.5648448	-0.0040558157
0	-0.85009015	0.35584992	-0.00253283	-0.008370777	0.2397077	-0.008375879	-0.5509475	0.56001186	-0.0039859917
0	-0.85325307	0.35269666	-0.0024883437	-0.008231264	0.23571254	-0.008236282	-0.5559251	0.55504954	-0.0039159823
0	-0.85644275	0.34945932	-0.002443741	-0.008091751	0.23171745	-0.008096683	-0.56094486	0.5499548	-0.00384579
0	-0.85965806	0.34613594	-0.0023990253	-0.007952238	0.2277223	-0.007957085	-0.56600493	0.5447247	-0.0037754187
0	-0.86289793	0.34272462	-0.002354197	-0.007812724	0.22372721	-0.007817487	-0.5711035	0.5393561	-0.0037048715
0	-0.8661611	0.3392232	-0.0023092597	-0.007673212	0.21973205	-0.00767789	-0.57623875	0.5338459	-0.0036341522
0	-0.869446	0.33563003	-0.0022642142	-0.0075336993	0.21573688	-0.007538292	-0.58140826	0.5281912	-0.003563263
0	-0.87275124	0.331943	-0.0022190637	-0.0073941867	0.21174179	-0.0073986943	-0.58660996	0.5223888	-0.003492208
0	-0.87607527	0.32816026	-0.002173809	-0.0072546746	0.20774664	-0.0072590937	-0.591841	0.5164358	-0.0034209893
0	-0.87941617	0.32427996	-0.0021284523	-0.0071151596	0.20375155	-0.0071194987	-0.59709877	0.51032925	-0.0033496104
0	-0.882772	0.32030058	-0.0020829954	-0.0069756475	0.1997564	-0.006979898	-0.60238	0.50406677	-0.0032780734
0	-0.88614094	0.3162201	-0.0020374397	-0.0068361345	0.19576131	-0.0068403003	-0.6076817	0.49764523	-0.0032063806
0	-0.88952065	0.31203705	-0.0019917872	-0.0066966224	0.19176614	-0.0067007025	-0.6130004	0.49106222	-0.0031345363
0	-0.89290875	0.30774975	-0.0019460403	-0.0065571074	0.18777102	-0.0065611047	-0.61833245	0.48431516	-0.003062543
0	-0.8963027	0.30335692	-0.001900201	-0.0064175953	0.18377589	-0.006421507	-0.62367356	0.47740203	-0.0029904041
0	-0.8996999	0.29885727	-0.0018542721	-0.0062780827	0.17978074	-0.006281909	-0.62902	0.47032076	-0.0029181242
0	-0.9030975	0.29424953	-0.0018082568	-0.00613857	0.17578565	-0.0061423113	-0.63436687	0.4630695	-0.002845709
0	-0.9064927	0.28953263	-0.0017621602	-0.0059990566	0.1717905	-0.0060027135	-0.63970995	0.4556463	-0.0027731655
0	-0.9098821	0.28470582	-0.0017159869	-0.005859543	0.1677954	-0.0058631157	-0.6450441	0.4480502	-0.002700501
0	-0.9132627	0.27976832	-0.0016697427	-0.005720031	0.16380025	-0.0057235174	-0.65036416	0.44027993	-0.002627725
0	-0.9166309	0.27471972	-0.0016234359	-0.005580518	0.15980512	-0.0055839196	-0.6556648	0.43233478	-0.0025548504
0	-0.9199832	0.26955962	-0.001577074	-0.005441006	0.15581	-0.0054443213	-0.66094047	0.42421418	-0.0024818894
0	-0.92331606	0.26428795	-0.001530667	-0.005301491	0.15181486	-0.0053047235	-0.66618544	0.415918	-0.002408857
0	-0.9266256	0.2589048	-0.0014842241	-0.005161979	0.14781974	-0.0051651257	-0.67139375	0.40744638	-0.0023357687
0	-0.9299081	0.25341046	-0.0014377558	-0.005022466	0.14382459	-0.005025528	-0.6765595	0.39879975	-0.00226264
0	-0.9331595	0.24780548	-0.0013912722	-0.0048829536	0.1398295	-0.00488593	-0.6816764	0.38997903	-0.0021894875
0	-0.93637586	0.24209058	-0.0013447818	-0.00474344	0.13583435	-0.0047463314	-0.6867381	0.3809853	-0.0021163241
0	-0.93955326	0.23626651	-0.0012982932	-0.0046039275	0.13183923	-0.0046067336	-0.69173837	0.3718198	-0.0020431639
0	-0.9426874	0.23033477	-0.0012518106	-0.0044644144	0.1278441	-0.0044671358	-0.6966707	0.36248484	-0.0019700124
0	-0.94577444	0.22429644	-0.0012053375	-0.0043249014	0.123848975	-0.0043275375	-0.7015287	0.35298213	-0.0018968764
0	-0.94881	0.2181532	-0.0011588744	-0.0041853883	0.11985385	-0.0041879397	-0.706306	0.34331435	-0.0018237559
0	-0.9517901	0.21190698	-0.0011124163	-0.0040458753	0.115858726	-0.0040483414	-0.7109958	0.33348447	-0.0017506434
0	-0.9547106	0.20555972	-0.0010659574	-0.003906362	0.111863606	-0.0039087436	-0.7155919	0.32349557	-0.0016775297
0	-0.9575674	0.19911379	-0.0010194867	-0.0037668496	0.10786844	-0.003769146	-0.72008765	0.31335142	-0.0016043972
0	-0.96035635	0.19257171	-0.00097299146	-0.0036273373	0.10387332	-0.0036295468	-0.72447693	0.30305597	-0.0015312263
0	-0.9630739	0.18593617	-0.0009264573	-0.0034878238	0.0998782	-0.003489949	-0.7287535	0.29261345	-0.0014579941
0	-0.9657158	0.17920999	-0.0008798683	-0.0033483112	0.09588307	-0.0033503512	-0.73291135	0.28202826	-0.0013846755
0	-0.9682789	0.17239621	-0.0008332087	-0.0032087977	0.09188794	-0.0032107534	-0.7369448	0.27130517	-0.0013112458
0	-0.9707593	0.16549785	-0.0007864635	-0.003069285	0.08789282	-0.0030711556	-0.7408482	0.26044902	-0.0012376816
0	-0.97315353	0.15851808	-0.00073961867	-0.0029297716	0.0838977	-0.0029315578	-0.7446162	0.24946472	-0.0011639606
0	-0.97545874	0.15145996	-0.0006926616	-0.002790259	0.07990256	-0.0027919598	-0.74824387	0.23835716	-0.0010900627
0	-0.9776718	0.14432672	-0.0006455805	-0.0026507454	0.07590743	-0.0026523618	-0.7517265	0.22713135	-0.0010159698
0	-0.9797897	0.13712125	-0.0005983665	-0.002511233	0.071912296	-0.002512764	-0.7550596	0.21579187	-0.0009416675
0	-0.9818098	0.12984677	-0.0005510086	-0.00237172	0.067917176	-0.0023731657	-0.7582389	0.20434383	-0.0008671391
0	-0.9837299	0.122505955	-0.0005034994	-0.0022322072	0.06392205	-0.0022335679	-0.76126045	0.19279137	-0.00079237233
0	-0.98554707	0.11510228	-0.00045582614	-0.0020926942	0.059926923	-0.0020939698	-0.7641202	0.18113999	-0.0007173475
0	-0.9872593	0.10763808	-0.00040798212	-0.001953181	0.055931803	-0.0019543718	-0.7668147	0.16939335	-0.0006420539
0	-0.98886424	0.1001164	-0.00035995498	-0.0018136686	0.05193666	-0.0018147734	-0.7693406	0.15755624	-0.0005664721
0	-0.99035984	0.09253996	-0.00031173349	-0.0016741556	0.047941536	-0.0016751756	-0.77169424	0.14563297	-0.00049058447
0	-0.9917439	0.08491166	-0.00026330308	-0.0015346425	0.04394641	-0.0015355778	-0.7738725	0.13362806	-0.00041436806
0	-0.99301475	0.07723432	-0.00021464902	-0.0013951295	0.03995128	-0.0013959799	-0.77587223	0.12154601	-0.00033779972
0	-0.99417	0.069510944	-0.00016575374	-0.0012556165	0.035956148	-0.001256382	-0.7776903	0.109391496	-0.00026085172
0	-0.9952078	0.061744556	-0.00011659856	-0.0011161036	0.031961024	-0.0011167839	-0.7793236	0.09716929	-0.00018349469
0	-0.9961265	0.053938646	-6.716258e-05	-0.0009765906	0.027965901	-0.0009771859	-0.78076935	0.08488489	-0.00010569581
0	-0.99692404	0.046096697	-1.7424883e-05	-0.0008370778	0.023970768	-0.0008375878	-0.7820245	0.07254378	-2.7422067e-05
0	-0.9975988	0.038222622	3.2635096e-05	-0.00069756474	0.01997564	-0.00069798995	-0.7830864	0.060152106	5.1358853e-05
0	-0.99814904	0.030320717	8.3035855e-05	-0.0005580518	0.015980512	-0.00055839197	-0.7839524	0.047716636	0.00013067605
0	-0.99857354	0.022395603	0.00013379258	-0.0004185389	0.011985384	-0.0004187939	-0.78462046	0.035244647	0.00021055345
0	-0.99887085	0.01445225	0.00018491528	-0.0002790259	0.007990256	-0.00027919599	-0.7850883	0.022743948	0.0002910068
0	-0.99904025	0.0064959205	0.0002364069	-0.00013951295	0.003995128	-0.00013959799	-0.78535473	0.010222828	0.00037204078
0	-0.9990807	-0.0014679129	0.0002882628	1.4520984e-17	-4.158265e-16	1.4529833e-17	-0.7854186	-0.0023100993	0.00045364798
0	-0.9989924	-0.009433674	0.00034046956	0.00013951295	-0.003995128	0.00013959799	-0.78527945	-0.01484606	0.00053580734
0	-0.998775	-0.017395856	0.00039300544	0.0002790259	-0.007990256	0.00027919599	-0.7849373	-0.02737639	0.0006184846
0	-0.9984289	-0.025349105	0.00044584155	0.0004185389	-0.011985384	0.0004187939	-0.7843928	-0.03989266	0.0007016344
0	-0.99795485	-0.03328829	0.00049894204	0.0005580518	-0.015980512	0.00055839197	-0.7836468	-0.05238679	0.0007852002
0	-0.99735385	-0.04120864	0.00055226684	0.00069756474	-0.01997564	0.00069798995	-0.7827008	-0.0648513	0.00086911913
0	-0.9966268	-0.049105648	0.0006057732	0.0008370778	-0.023970768	0.0008375878	-0.78155667	-0.07727905	0.0009533237
0	-0.99577516	-0.056975126	0.0006594167	0.0009765906	-0.027965901	0.0009771859	-0.78021646	-0.08966349	0.0010377442
0	-0.9948003	-0.0648132	0.00071315415	0.0011161036	-0.031961024	0.0011167839	-0.7786823	-0.10199851	0.0011223123
0	-0.9937038	-0.072616234	0.00076694204	0.0012556165	-0.035956148	0.001256382	-0.77695674	-0.114278376	0.0012069601
0	-0.9924873	-0.0803808	0.0008207405	0.0013951295	-0.03995128	0.0013959799	-0.77504224	-0.12649772	0.0012916243
0	-0.99115247	-0.08810368	0.0008745109	0.0015346425	-0.04394641	0.0015355778	-0.7729417	-0.13865145	0.0013762446
0	-0.9897013	-0.09578178	0.0009282182	0.0016741556	-0.047941536	0.0016751756	-0.7706579	-0.1507347	0.0014607654
0	-0.9881356	-0.10341211	0.0009818297	0.0018136686	-0.05193666	0.0018147734	-0.7681938	-0.1627428	0.0015451355
0	-0.9864572	-0.11099179	0.0010353163	0.001953181	-0.055931803	0.0019543718	-0.76555246	-0.17467114	0.0016293089
0	-0.98466825	-0.118517995	0.0010886511	0.0020926942	-0.059926923	0.0020939698	-0.76273715	-0.18651538	0.0017132434
0	-0.9827708	-0.12598793	0.0011418107	0.0022322072	-0.06392205	0.0022335679	-0.7597511	-0.19827107	0.0017969023
0	-0.9807671	-0.13339889	0.0011947739	0.00237172	-0.067917176	0.0023731657	-0.75659776	-0.2099339	0.0018802522
0	-0.9786593	-0.14074817	0.0012475222	0.002511233	-0.071912296	0.002512764	-0.75328064	-0.22149968	0.0019632636
0	-0.9764498	-0.14803304	0.0013000398	0.0026507454	-0.07590743	0.0026523618	-0.74980354	-0.2329641	0.0020459122
0	-0.9741411	-0.15525088	0.001352313	0.002790259	-0.07990256	0.0027919598	-0.7461703	-0.24432305	0.002128176
0	-0.97173566	-0.16239908	0.0014043306	0.0029297716	-0.0838977	0.0029315578	-0.74238473	-0.25557238	0.0022100378
0	-0.96923614	-0.1694749	0.0014560831	0.003069285	-0.08789282	0.0030711556	-0.7384513	-0.2667078	0.0022914824
0	-0.96664536	-0.17647572	0.0015075635	0.0032087977	-0.09188794	0.0032107534	-0.73437417	-0.27772522	0.0023724986
0	-0.9639662	-0.1833991	0.0015587664	0.0033483112	-0.09588307	0.0033503512	-0.73015773	-0.28862074	0.002453078
0	-0.9612014	-0.19024245	0.0016096876	0.0034878238	-0.0998782	0.003489949	-0.7258068	-0.29939038	0.0025332144
0	-0.9583541	-0.19700326	0.0016603247	0.0036273373	-0.10387332	0.0036295468	-0.72132593	-0.31003004	0.002612904
0	-0.95542765	-0.20367923	0.001710677	0.0037668496	-0.10786844	0.003769146	-0.7167202	-0.32053623	0.0026921448
0	-0.95242506	-0.21026774	0.0017607443	0.003906362	-0.111863606	0.0039087436	-0.7119951	-0.33090478	0.0027709368
0	-0.94934994	-0.21676669	0.0018105261	0.0040458753	-0.115858726	0.0040483414	-0.7071555	-0.34113234	0.0028492804
0	-0.94620544	-0.22317366	0.0018600248	0.0041853883	-0.11985385	0.0041879397	-0.70220715	-0.35121518	0.0029271776
0	-0.9429955	-0.22948673	0.0019092406	0.0043249014	-0.123848975	0.0043275375	-0.69715536	-0.36115026	0.0030046303
0	-0.9397234	-0.23570368	0.0019581756	0.0044644144	-0.1278441	0.0044671358	-0.6920062	-0.37093407	0.0030816407
0	-0.9363931	-0.24182276	0.0020068306	0.0046039275	-0.13183923	0.0046067336	-0.6867652	-0.38056386	0.0031582105
0	-0.93300843	-0.24784212	0.0020552068	0.00474344	-0.13583435	0.0047463314	-0.68143857	-0.39003673	0.0032343417
0	-0.92957306	-0.25376028	0.002103306	0.0048829536	-0.1398295	0.00488593	-0.67603207	-0.3993503	0.0033100366
0	-0.9260909	-0.25957555	0.002151128	0.005022466	-0.14382459	0.005025528	-0.6705522	-0.40850198	0.0033852954
0	-0.9225658	-0.26528683	0.0021986736	0.005161979	-0.14781974	0.0051651257	-0.66500473	-0.41748995	0.0034601195
0	-0.9190018	-0.27089295	0.002245944	0.005301491	-0.15181486	0.0053047235	-0.65939593	-0.42631242	0.0035345105
0	-0.91540265	-0.27639303	0.0022929397	0.005441006	-0.15581	0.0054443213	-0.6537318	-0.43496805	0.003608469
0	-0.9117723	-0.2817862	0.002339662	0.005580518	-0.15980512	0.0055839196	-0.64801854	-0.44345555	0.003681997
0	-0.9081142	-0.28707236	0.002386111	0.005720031	-0.16380025	0.0057235174	-0.6422617	-0.45177454	0.0037550956
0	-0.9044323	-0.29225063	0.0024322893	0.005859543	-0.1677954	0.0058631157	-0.6364676	-0.45992374	0.003827768
0	-0.9007302	-0.29732144	0.0024781981	0.0059990566	-0.1717905	0.0060027135	-0.63064134	-0.46790382	0.003900016
0	-0.8970115	-0.30228424	0.0025238392	0.00613857	-0.17578565	0.0061423113	-0.6247891	-0.4757139	0.003971842
0	-0.8932795	-0.3071397	0.0025692147	0.0062780827	-0.17978074	0.006281909	-0.6189159	-0.4833551	0.0040432513
0	-0.8895377	-0.3118877	0.0026143275	0.0064175953	-0.18377589	0.006421507	-0.61302745	-0.49082717	0.0041142465
0	-0.8857894	-0.316529	0.0026591795	0.0065571074	-0.18777102	0.0065611047	-0.60712856	-0.4981314	0.004184832
0	-0.8820375	-0.32106426	0.002703774	0.0066966224	-0.19176614	0.0067007025	-0.60122406	-0.50526863	0.0042550117
0	-0.87828535	-0.3254941	0.0027481134	0.0068361345	-0.19576131	0.0068403003	-0.59531903	-0.51224	0.0043247896
0	-0.8745355	-0.3298194	0.002792201	0.0069756475	-0.1997564	0.006979898	-0.589418	-0.51904684	0.0043941718
0	-0.8707911	-0.33404118	0.0028360393	0.0071151596	-0.20375155	0.0071194987	-0.58352524	-0.5256908	0.0044631613
0	-0.86705464	-0.33816046	0.002879631	0.0072546746	-0.20774664	0.0072590937	-0.5776452	-0.5321734	0.004531763
0	-0.86332905	-0.34217843	0.0029229799	0.0073941867	-0.21174179	0.0073986943	-0.5717819	-0.5384966	0.0045999824
0	-0.8596164	-0.34609628	0.0029660878	0.0075336993	-0.21573688	0.007538292	-0.56593937	-0.54466224	0.0046678227
0	-0.85591924	-0.34991547	0.003008958	0.007673212	-0.21973205	0.00767789	-0.560121	-0.55067265	0.0047352887
0	-0.8522397	-0.35363743	0.0030515925	0.007812724	-0.22372721	0.007817487	-0.55433035	-0.5565299	0.004802384
0	-0.8485799	-0.35726357	0.0030939952	0.007952238	-0.2277223	0.007957085	-0.54857075	-0.5622365	0.0048691146
0	-0.8449418	-0.3607954	0.0031361685	0.008091751	-0.23171745	0.008096683	-0.5428455	-0.5677947	0.004935484
0	-0.84132737	-0.3642346	0.0031781155	0.008231264	-0.23571254	0.008236282	-0.5371572	-0.5732071	0.0050014975
0	-0.83773816	-0.36758292	0.003219837	0.008370777	-0.2397077	0.008375879	-0.53150874	-0.5784764	0.005067156
0	-0.83417594	-0.37084177	0.003261338	0.008510291	-0.24370278	0.008515477	-0.52590287	-0.583605	0.005132467
0	-0.8306423	-0.37401307	0.00330262	0.008649803	-0.24769795	0.008655075	-0.5203418	-0.5885958	0.0051974338
0	-0.82713854	-0.37709856	0.0033436862	0.008789316	-0.25169304	0.008794673	-0.5148278	-0.5934515	0.0052620606
0	-0.82366586	-0.3801001	0.0033845387	0.008928829	-0.2556882	0.0089342715	-0.5093628	-0.59817505	0.005326351
0	-0.8202255	-0.38301933	0.0034251795	0.009068341	-0.25968334	0.009073869	-0.5039486	-0.6027692	0.005390309
0	-0.81681854	-0.38585815	0.0034656117	0.009207855	-0.26367846	0.009213467	-0.49858713	-0.6072367	0.005453938
0	-0.8134461	-0.38861847	0.0035058376	0.009347367	-0.26767358	0.009353065	-0.4932797	-0.6115807	0.0055172434
0	-0.8101089	-0.39130205	0.0035458603	0.00948688	-0.2716687	0.009492663	-0.48802775	-0.61580396	0.0055802283
0	-0.8068076	-0.3939108	0.0035856813	0.009626393	-0.27566385	0.009632261	-0.4828325	-0.6199094	0.0056428965
0	-0.8035431	-0.39644653	0.0036253035	0.009765907	-0.279659	0.00977186	-0.477695	-0.6239	0.0057052504
0	-0.8003159	-0.39891106	0.0036647283	0.009905419	-0.2836541	0.009911456	-0.4726162	-0.6277785	0.0057672947
0	-0.79712635	-0.40130624	0.0037039588	0.010044932	-0.28764918	0.010051056	-0.4675968	-0.6315479	0.0058290325
0	-0.7939752	-0.40363386	0.0037429966	0.010184445	-0.29164436	0.010190652	-0.4626376	-0.63521093	0.0058904677
0	-0.79086244	-0.4058958	0.0037818437	0.010323958	-0.2956395	0.010330251	-0.45773917	-0.6387706	0.005951602
0	-0.78778875	-0.4080937	0.0038205015	0.01046347	-0.2996346	0.010469847	-0.45290187	-0.64222944	0.0060124393
0	-0.78475404	-0.41022947	0.0038589728	0.010602982	-0.30362973	0.010609447	-0.44812608	-0.6455906	0.006072983
0	-0.78175837	-0.41230473	0.0038972585	0.010742497	-0.30762485	0.010749043	-0.44341183	-0.6488566	0.0061332346
0	-0.7788022	-0.41432133	0.0039353613	0.010882012	-0.31162	0.010888643	-0.4387594	-0.6520301	0.0061931983
0	-0.7758851	-0.41628078	0.003973282	0.011021524	-0.31561515	0.011028241	-0.4341688	-0.6551138	0.006252875
0	-0.77300733	-0.4181848	0.0040110224	0.011161036	-0.31961024	0.011167839	-0.42964005	-0.65811014	0.006312269
0	-0.77016866	-0.4200351	0.004048584	0.011300549	-0.3236054	0.011307437	-0.42517272	-0.661022	0.00637138
0	-0.76736903	-0.42183322	0.0040859682	0.011440062	-0.3276005	0.011447035	-0.42076677	-0.66385186	0.006430213
0	-0.7646082	-0.42358062	0.004123177	0.011579574	-0.33159563	0.011586633	-0.416422	-0.6666017	0.0064887693
0	-0.76188606	-0.42527896	0.004160211	0.011719086	-0.3355908	0.011726231	-0.41213802	-0.6692744	0.006547051
0	-0.7592022	-0.42692953	0.004197072	0.011858598	-0.3395859	0.011865831	-0.4079144	-0.671872	0.00660506
0	-0.75655645	-0.42853406	0.00423376	0.011998113	-0.343581	0.012005427	-0.40375078	-0.6743971	0.0066627967
0	-0.7539485	-0.4300937	0.004270278	0.012137628	-0.34757614	0.012145027	-0.3996465	-0.67685163	0.0067202663
0	-0.75137794	-0.43161	0.0043066256	0.01227714	-0.3515713	0.0122846225	-0.39560118	-0.67923784	0.006777468
0	-0.7488445	-0.43308422	0.004342806	0.012416652	-0.35556647	0.012424222	-0.3916142	-0.68155783	0.0068344064
0	-0.7463478	-0.43451762	0.0043788184	0.012556165	-0.35956147	0.012563818	-0.38768497	-0.68381363	0.00689108
0	-0.74388725	-0.4359115	0.0044146646	0.0126956785	-0.36355665	0.012703418	-0.38381281	-0.68600726	0.0069474922
0	-0.7414626	-0.43726715	0.0044503463	0.012835191	-0.36755177	0.012843014	-0.37999713	-0.68814063	0.007003645
0	-0.73907346	-0.43858564	0.0044858633	0.012974703	-0.37154695	0.012982613	-0.37623712	-0.6902157	0.00705954
0	-0.7367192	-0.4398683	0.0045212177	0.013114215	-0.37554204	0.013122209	-0.37253228	-0.6922341	0.0071151783
0	-0.73439956	-0.44111606	0.0045564095	0.013253733	-0.37953714	0.013261809	-0.3688817	-0.6941978	0.007170561
0	-0.73211396	-0.4423301	0.004591441	0.013393245	-0.3835323	0.013401405	-0.36528474	-0.69610834	0.00722569
0	-0.72986186	-0.44351152	0.004626312	0.013532757	-0.38752744	0.013541005	-0.36174065	-0.6979675	0.0072805677
0	-0.7276429	-0.4446612	0.004661023	0.013672269	-0.39152262	0.013680601	-0.35824865	-0.69977695	0.0073351944
0	-0.7254567	-0.44578025	0.004695577	0.013811782	-0.39551762	0.013820201	-0.35480806	-0.70153797	0.007389572
0	-0.72330254	-0.4468696	0.004729973	0.013951295	-0.3995128	0.013959796	-0.35141802	-0.7032524	0.007443703
0	-0.72118	-0.44793022	0.0047642123	0.014090807	-0.40350795	0.014099397	-0.34807777	-0.7049215	0.007497586
0	-0.71908873	-0.4489629	0.0047982964	0.014230319	-0.4075031	0.014238997	-0.3447866	-0.7065466	0.0075512254
0	-0.71702814	-0.44996852	0.004832226	0.014369831	-0.4114981	0.014378592	-0.34154373	-0.70812917	0.0076046214
0	-0.71499765	-0.45094803	0.0048660017	0.014509349	-0.41549328	0.014518187	-0.3383484	-0.70967066	0.0076577743
0	-0.71299696	-0.45190218	0.004899624	0.014648861	-0.41948846	0.014657789	-0.33519974	-0.71117216	0.0077106874
0	-0.71102536	-0.45283166	0.0049330937	0.014788373	-0.42348358	0.014797389	-0.33209714	-0.712635	0.00776336
0	-0.7090827	-0.45373735	0.0049664127	0.0149278855	-0.42747876	0.0149369845	-0.3290397	-0.71406025	0.007815795
0	-0.7071681	-0.45461994	0.0049995803	0.015067399	-0.43147376	0.015076584	-0.3260268	-0.7154492	0.007867993
0	-0.70528144	-0.4554801	0.005032599	0.015206912	-0.43546894	0.01521618	-0.32305756	-0.71680295	0.007919954
0	-0.70342195	-0.4563186	0.005065468	0.015346424	-0.4394641	0.01535578	-0.3201314	-0.7181225	0.007971682
0	-0.7015894	-0.457136	0.0050981897	0.015485936	-0.44345924	0.015495376	-0.31724742	-0.7194089	0.008023175
0	-0.6997832	-0.457933	0.0051307627	0.015625449	-0.44745442	0.015634974	-0.31440502	-0.72066313	0.008074437
0	-0.698003	-0.45871028	0.0051631886	0.015764965	-0.45144942	0.015774572	-0.31160337	-0.7218864	0.008125467
0	-0.6962483	-0.45946833	0.0051954687	0.015904477	-0.4554446	0.01591417	-0.3088419	-0.7230793	0.008176267
0	-0.69451857	-0.46020776	0.005227604	0.016043989	-0.45943972	0.016053768	-0.30611983	-0.724243	0.00822684
0	-0.6928135	-0.46092907	0.0052595944	0.016183501	-0.4634349	0.016193366	-0.3034365	-0.72537816	0.008277184
0	-0.69113255	-0.46163297	0.005291441	0.016323015	-0.46743008	0.016332967	-0.30079114	-0.72648585	0.0083273025
0	-0.6894754	-0.46231973	0.005323144	0.016462527	-0.4714251	0.016472563	-0.2981832	-0.72756666	0.008377195
0	-0.68784153	-0.46299008	0.0053547053	0.016602041	-0.47542024	0.01661216	-0.29561198	-0.72862154	0.008426863
0	-0.68623066	-0.46364436	0.005386124	0.016741553	-0.4794154	0.016751759	-0.29307684	-0.7296513	0.008476308
0	-0.68464226	-0.46428317	0.0054174014	0.016881065	-0.48341057	0.016891358	-0.29057708	-0.7306565	0.00852553
0	-0.6830759	-0.46490678	0.0054485397	0.017020581	-0.48740557	0.017030954	-0.28811216	-0.73163795	0.008574533
0	-0.6815313	-0.46551588	0.005479537	0.017160093	-0.49140075	0.01717055	-0.28568143	-0.73259646	0.008623315
0	-0.68000805	-0.46611065	0.005510396	0.017299606	-0.4953959	0.01731015	-0.28328425	-0.73353255	0.008671878
0	-0.6785058	-0.46669167	0.005541116	0.017439118	-0.49939105	0.01744975	-0.28092006	-0.7344469	0.008720223
0	-0.680008	-0.4661107	0.0055103954	0.017299606	-0.4953959	0.01731015	-0.28328404	-0.7335326	0.008671876
0	-0.68153125	-0.46551588	0.005479537	0.017160093	-0.49140075	0.01717055	-0.2856812	-0.7325965	0.008623314
0	-0.6830758	-0.46490693	0.0054485393	0.017020581	-0.48740557	0.017030954	-0.28811195	-0.7316382	0.008574532
0	-0.6846421	-0.4642832	0.0054174014	0.016881065	-0.48341057	0.016891358	-0.29057688	-0.7306566	0.00852553
0	-0.68623054	-0.46364442	0.005386124	0.016741553	-0.4794154	0.016751759	-0.29307655	-0.7296514	0.008476308
0	-0.6878415	-0.46299016	0.0053547053	0.016602041	-0.47542024	0.01661216	-0.29561177	-0.7286217	0.008426863
0	-0.68947524	-0.46231985	0.005323144	0.016462527	-0.4714251	0.016472563	-0.29818296	-0.7275668	0.008377194
0	-0.6911324	-0.46163297	0.005291441	0.016323015	-0.46743008	0.016332967	-0.30079097	-0.72648585	0.008327302
0	-0.6928134	-0.46092916	0.005259594	0.016183501	-0.4634349	0.016193366	-0.30343628	-0.72537816	0.008277184
0	-0.69451845	-0.46020776	0.0052276035	0.016043989	-0.45943972	0.016053768	-0.3061196	-0.724243	0.008226839
0	-0.6962482	-0.45946833	0.0051954687	0.015904477	-0.4554446	0.01591417	-0.3088417	-0.7230794	0.008176267
0	-0.6980028	-0.45871034	0.0051631886	0.015764965	-0.45144942	0.015774572	-0.3116032	-0.72188646	0.008125467
0	-0.69978315	-0.45793313	0.005130762	0.015625449	-0.44745442	0.015634974	-0.3144048	-0.72066325	0.008074436
0	-0.7015892	-0.45713603	0.005098189	0.015485936	-0.44345924	0.015495376	-0.31724724	-0.7194089	0.008023175
0	-0.7034218	-0.45631865	0.005065468	0.015346424	-0.4394641	0.01535578	-0.32013115	-0.71812254	0.007971682
0	-0.7052812	-0.45548022	0.005032598	0.015206912	-0.43546894	0.01521618	-0.32305735	-0.7168031	0.007919953
0	-0.707168	-0.45462	0.0049995803	0.015067399	-0.43147376	0.015076584	-0.3260266	-0.71544933	0.007867992
0	-0.70908254	-0.4537374	0.004966412	0.0149278855	-0.42747876	0.0149369845	-0.32903948	-0.71406037	0.007815794
0	-0.7110253	-0.4528317	0.0049330937	0.014788373	-0.42348358	0.014797389	-0.3320969	-0.71263504	0.00776336
0	-0.7129967	-0.45190218	0.0048996243	0.014648861	-0.41948846	0.014657789	-0.33519953	-0.7111722	0.007710687
0	-0.71499753	-0.45094812	0.0048660007	0.014509349	-0.41549328	0.014518187	-0.33834818	-0.7096708	0.0076577743
0	-0.7170281	-0.4499686	0.004832226	0.014369831	-0.4114981	0.014378592	-0.34154356	-0.7081293	0.007604621
0	-0.7190886	-0.448963	0.0047982964	0.014230319	-0.4075031	0.014238997	-0.34478647	-0.7065467	0.007551225
0	-0.72117996	-0.44793028	0.004764212	0.014090807	-0.40350795	0.014099397	-0.3480776	-0.7049215	0.0074975863
0	-0.7233025	-0.44686964	0.0047299727	0.013951295	-0.3995128	0.013959796	-0.35141784	-0.70325243	0.0074437023
0	-0.72545654	-0.44578034	0.0046955766	0.013811782	-0.39551762	0.013820201	-0.35480788	-0.7015381	0.007389572
0	-0.72764283	-0.4446613	0.004661023	0.013672269	-0.39152262	0.013680601	-0.3582485	-0.699777	0.007335194
0	-0.7298617	-0.44351155	0.0046263114	0.013532757	-0.38752744	0.013541005	-0.36174047	-0.6979676	0.007280567
0	-0.7321138	-0.44233015	0.0045914403	0.013393245	-0.3835323	0.013401405	-0.3652846	-0.6961084	0.0072256895
0	-0.73439944	-0.4411161	0.0045564095	0.013253733	-0.37953714	0.013261809	-0.36888152	-0.69419783	0.007170561
0	-0.73671913	-0.4398683	0.0045212177	0.013114215	-0.37554204	0.013122209	-0.37253207	-0.69223416	0.007115178
0	-0.7390733	-0.43858573	0.0044858633	0.012974703	-0.37154695	0.012982613	-0.37623698	-0.69021577	0.0070595397
0	-0.7414625	-0.43726718	0.004450346	0.012835191	-0.36755177	0.012843014	-0.37999693	-0.6881407	0.007003645
0	-0.7438872	-0.43591154	0.0044146646	0.0126956785	-0.36355665	0.012703418	-0.38381264	-0.6860073	0.0069474927
0	-0.74634767	-0.43451765	0.0043788184	0.012556165	-0.35956147	0.012563818	-0.38768482	-0.6838137	0.0068910806
0	-0.74884444	-0.43308422	0.004342806	0.012416652	-0.35556647	0.012424222	-0.39161405	-0.6815579	0.0068344064
0	-0.7513779	-0.43161005	0.0043066256	0.01227714	-0.3515713	0.0122846225	-0.39560103	-0.6792379	0.006777468
0	-0.7539484	-0.4300938	0.0042702775	0.012137628	-0.34757614	0.012145027	-0.39964634	-0.6768517	0.0067202663
0	-0.75655633	-0.4285341	0.00423376	0.011998113	-0.343581	0.012005427	-0.40375057	-0.67439723	0.006662797
0	-0.7592021	-0.42692968	0.0041970713	0.011858598	-0.3395859	0.011865831	-0.40791425	-0.67187226	0.0066050594
0	-0.761886	-0.42527902	0.0041602105	0.011719086	-0.3355908	0.011726231	-0.4121378	-0.6692745	0.0065470506
0	-0.7646081	-0.42358074	0.004123177	0.011579574	-0.33159563	0.011586633	-0.41642183	-0.66660184	0.006488769
0	-0.7673689	-0.4218333	0.0040859682	0.011440062	-0.3276005	0.011447035	-0.42076656	-0.66385186	0.006430213
0	-0.7701685	-0.42003527	0.004048584	0.011300549	-0.3236054	0.011307437	-0.42517233	-0.6610223	0.00637138
0	-0.77300715	-0.41818494	0.0040110224	0.011161036	-0.31961024	0.011167839	-0.4296397	-0.6581104	0.0063122683
0	-0.77588487	-0.41628087	0.003973282	0.011021524	-0.31561515	0.011028241	-0.4341686	-0.6551138	0.0062528756
0	-0.778802	-0.41432142	0.003935361	0.010882012	-0.31162	0.010888643	-0.43875918	-0.6520302	0.0061931973
0	-0.7817581	-0.4123049	0.0038972583	0.010742497	-0.30762485	0.010749043	-0.4434114	-0.64885676	0.0061332337
0	-0.78475386	-0.41022956	0.0038589726	0.010602982	-0.30362973	0.010609447	-0.4481258	-0.6455907	0.0060729827
0	-0.7877886	-0.40809387	0.0038205015	0.01046347	-0.2996346	0.010469847	-0.45290163	-0.64222974	0.0060124393
0	-0.7908622	-0.40589595	0.0037818432	0.010323958	-0.2956395	0.010330251	-0.45773882	-0.6387708	0.005951602
0	-0.79397494	-0.40363404	0.0037429957	0.010184445	-0.29164436	0.010190652	-0.46263736	-0.6352111	0.0058904663
0	-0.7971262	-0.4013064	0.0037039586	0.010044932	-0.28764918	0.010051056	-0.4675965	-0.63154817	0.0058290325
0	-0.80031556	-0.3989112	0.0036647287	0.009905419	-0.2836541	0.009911456	-0.47261575	-0.62777877	0.0057672947
0	-0.8035428	-0.39644673	0.0036253035	0.009765907	-0.279659	0.00977186	-0.47769454	-0.6239003	0.0057052504
0	-0.80680734	-0.39391106	0.0035856818	0.009626393	-0.27566385	0.009632261	-0.48283198	-0.6199098	0.0056428965
0	-0.8101086	-0.3913023	0.0035458598	0.00948688	-0.2716687	0.009492663	-0.48802727	-0.6158043	0.0055802283
0	-0.8134458	-0.38861874	0.0035058376	0.009347367	-0.26767358	0.009353065	-0.49327916	-0.6115812	0.0055172434
0	-0.81681824	-0.38585848	0.0034656113	0.009207855	-0.26367846	0.009213467	-0.49858654	-0.6072372	0.005453938
0	-0.8202252	-0.38301963	0.0034251788	0.009068341	-0.25968334	0.009073869	-0.50394803	-0.6027697	0.0053903083
0	-0.8236655	-0.38010028	0.0033845385	0.008928829	-0.2556882	0.0089342715	-0.50936234	-0.59817547	0.005326351
0	-0.8271381	-0.37709886	0.0033436858	0.008789316	-0.25169304	0.008794673	-0.51482725	-0.593452	0.00526206
0	-0.830642	-0.37401336	0.00330262	0.008649803	-0.24769795	0.008655075	-0.5203414	-0.5885962	0.0051974338
0	-0.8341757	-0.37084204	0.003261338	0.008510291	-0.24370278	0.008515477	-0.52590245	-0.5836054	0.005132467
0	-0.83773786	-0.36758313	0.0032198373	0.008370777	-0.2397077	0.008375879	-0.5315083	-0.5784768	0.005067156
0	-0.841327	-0.36423498	0.003178115	0.008231264	-0.23571254	0.008236282	-0.53715664	-0.5732077	0.0050014965
0	-0.8449414	-0.36079577	0.0031361682	0.008091751	-0.23171745	0.008096683	-0.5428448	-0.5677953	0.0049354834
0	-0.84857947	-0.35726398	0.003093995	0.007952238	-0.2277223	0.007957085	-0.5485701	-0.5622372	0.0048691146
0	-0.85223925	-0.3536378	0.0030515925	0.007812724	-0.22372721	0.007817487	-0.55432963	-0.5565306	0.004802384
0	-0.8559187	-0.34991598	0.0030089573	0.007673212	-0.21973205	0.00767789	-0.5601201	-0.5506735	0.0047352877
0	-0.85961604	-0.34609675	0.0029660875	0.0075336993	-0.21573688	0.007538292	-0.56593865	-0.54466295	0.004667822
0	-0.8633286	-0.34217876	0.0029229794	0.0073941867	-0.21174179	0.0073986943	-0.5717814	-0.53849715	0.004599982
0	-0.86705434	-0.3381609	0.0028796308	0.0072546746	-0.20774664	0.0072590937	-0.5776446	-0.5321741	0.0045317626
0	-0.8707906	-0.33404166	0.0028360393	0.0071151596	-0.20375155	0.0071194987	-0.5835245	-0.5256915	0.0044631613
0	-0.8745352	-0.32981986	0.002792201	0.0069756475	-0.1997564	0.006979898	-0.5894173	-0.5190476	0.0043941718
0	-0.8782848	-0.3254946	0.0027481134	0.0068361345	-0.19576131	0.0068403003	-0.5953183	-0.51224077	0.0043247896
0	-0.88203704	-0.3210648	0.002703774	0.0066966224	-0.19176614	0.0067007025	-0.6012234	-0.50526947	0.004255011
0	-0.88578886	-0.31652957	0.0026591793	0.0065571074	-0.18777102	0.0065611047	-0.6071278	-0.49813223	0.0041848314
0	-0.88953733	-0.3118881	0.002614327	0.0064175953	-0.18377589	0.006421507	-0.61302686	-0.49082783	0.004114246
0	-0.893279	-0.3071401	0.0025692147	0.0062780827	-0.17978074	0.006281909	-0.6189153	-0.48335573	0.0040432513
0	-0.8970112	-0.3022846	0.0025238388	0.00613857	-0.17578565	0.0061423113	-0.62478876	-0.47571447	0.003971842
0	-0.90072995	-0.29732165	0.002478198	0.0059990566	-0.1717905	0.0060027135	-0.63064104	-0.46790415	0.0039000155
0	-0.9044322	-0.292251	0.0024322893	0.005859543	-0.1677954	0.0058631157	-0.6364672	-0.45992428	0.003827768
0	-0.90811396	-0.28707257	0.0023861113	0.005720031	-0.16380025	0.0057235174	-0.64226145	-0.45177484	0.0037550959
0	-0.911772	-0.2817865	0.002339662	0.005580518	-0.15980512	0.0055839196	-0.6480182	-0.443456	0.0036819973
0	-0.9154026	-0.27639318	0.0022929397	0.005441006	-0.15581	0.0054443213	-0.6537316	-0.43496838	0.0036084692
0	-0.91900176	-0.2708931	0.0022459442	0.005301491	-0.15181486	0.0053047235	-0.6593958	-0.4263127	0.0035345107
0	-0.9225657	-0.26528698	0.0021986738	0.005161979	-0.14781974	0.0051651257	-0.66500455	-0.41749027	0.00346012
0	-0.9260908	-0.25957572	0.002151128	0.005022466	-0.14382459	0.005025528	-0.670552	-0.40850222	0.0033852954
0	-0.9295728	-0.25376046	0.002103306	0.0048829536	-0.1398295	0.00488593	-0.676032	-0.39935052	0.0033100368
0	-0.93300825	-0.24784239	0.0020552073	0.00474344	-0.13583435	0.0047463314	-0.68143827	-0.39003706	0.0032343422
0	-0.9363931	-0.24182303	0.0020068304	0.0046039275	-0.13183923	0.0046067336	-0.68676496	-0.38056424	0.0031582103
0	-0.93972325	-0.23570393	0.0019581756	0.0044644144	-0.1278441	0.0044671358	-0.69200593	-0.37093443	0.0030816407
0	-0.94299525	-0.22948696	0.0019092405	0.0043249014	-0.123848975	0.0043275375	-0.69715524	-0.36115062	0.00300463
0	-0.9462054	-0.22317395	0.0018600245	0.0041853883	-0.11985385	0.0041879397	-0.70220685	-0.35121563	0.0029271774
0	-0.9493497	-0.21676694	0.001810526	0.0040458753	-0.115858726	0.0040483414	-0.7071554	-0.3411327	0.00284928
0	-0.95242494	-0.21026807	0.0017607437	0.003906362	-0.111863606	0.0039087436	-0.7119949	-0.33090526	0.002770936
0	-0.95542747	-0.20367956	0.0017106766	0.0037668496	-0.10786844	0.003769146	-0.71672016	-0.32053667	0.002692144
0	-0.958354	-0.19700366	0.0016603245	0.0036273373	-0.10387332	0.0036295468	-0.72132576	-0.31003067	0.002612903
0	-0.9612013	-0.19024281	0.0016096873	0.0034878238	-0.0998782	0.003489949	-0.7258065	-0.2993909	0.0025332142
0	-0.96396595	-0.18339948	0.001558766	0.0033483112	-0.09588307	0.0033503512	-0.7301575	-0.28862137	0.0024530778
0	-0.96664524	-0.17647612	0.0015075634	0.0032087977	-0.09188794	0.0032107534	-0.73437387	-0.27772585	0.0023724984
0	-0.969236	-0.1694752	0.0014560831	0.003069285	-0.08789282	0.0030711556	-0.73845106	-0.2667083	0.0022914824
0	-0.97173554	-0.16239937	0.0014043307	0.0029297716	-0.0838977	0.0029315578	-0.7423846	-0.25557283	0.002210038
0	-0.97414094	-0.15525123	0.0013523134	0.002790259	-0.07990256	0.0027919598	-0.74617004	-0.2443236	0.0021281769
0	-0.9764496	-0.14803334	0.0013000402	0.0026507454	-0.07590743	0.0026523618	-0.74980336	-0.23296459	0.002045913
0	-0.97865915	-0.1407484	0.0012475228	0.002511233	-0.071912296	0.002512764	-0.75328046	-0.22150004	0.0019632645
0	-0.9807669	-0.1333991	0.0011947744	0.00237172	-0.067917176	0.0023731657	-0.75659764	-0.20993423	0.001880253
0	-0.9827706	-0.12598819	0.0011418115	0.0022322072	-0.06392205	0.0022335679	-0.75975084	-0.19827144	0.0017969036
0	-0.9846681	-0.11851822	0.001088652	0.0020926942	-0.059926923	0.0020939698	-0.76273704	-0.18651573	0.001713245
0	-0.9864572	-0.11099198	0.0010353173	0.001953181	-0.055931803	0.0019543718	-0.76555234	-0.17467146	0.0016293102
0	-0.9881355	-0.1034123	0.0009818306	0.0018136686	-0.05193666	0.0018147734	-0.7681938	-0.16274309	0.0015451368
0	-0.9897013	-0.09578198	0.00092821906	0.0016741556	-0.047941536	0.0016751756	-0.7706579	-0.15073502	0.0014607668
0	-0.99115247	-0.08810389	0.0008745119	0.0015346425	-0.04394641	0.0015355778	-0.77294165	-0.13865176	0.0013762459
0	-0.99248725	-0.08038098	0.0008207413	0.0013951295	-0.03995128	0.0013959799	-0.7750422	-0.126498	0.0012916254
0	-0.9937038	-0.0726164	0.00076694286	0.0012556165	-0.035956148	0.001256382	-0.7769567	-0.114278644	0.0012069612
0	-0.99480027	-0.064813346	0.0007131547	0.0011161036	-0.031961024	0.0011167839	-0.77868223	-0.10199874	0.0011223133
0	-0.99577516	-0.056975264	0.0006594172	0.0009765906	-0.027965901	0.0009771859	-0.78021646	-0.08966371	0.0010377448
0	-0.9966268	-0.04910578	0.0006057735	0.0008370778	-0.023970768	0.0008375878	-0.7815567	-0.077279255	0.0009533241
0	-0.9973538	-0.041208763	0.00055226707	0.00069756474	-0.01997564	0.00069798995	-0.7827008	-0.06485149	0.00086911966
0	-0.99795485	-0.033288416	0.0004989422	0.0005580518	-0.015980512	0.00055839197	-0.78364676	-0.05238699	0.0007852005
0	-0.9984289	-0.025349148	0.00044584152	0.0004185389	-0.011985384	0.0004187939	-0.7843927	-0.039892726	0.0007016344
0	-0.998775	-0.017395904	0.00039300544	0.0002790259	-0.007990256	0.00027919599	-0.7849373	-0.027376465	0.0006184846
0	-0.9989923	-0.009433742	0.00034046947	0.00013951295	-0.003995128	0.00013959799	-0.78527945	-0.014846165	0.00053580716
0	-0.9990808	-0.0014679861	0.00028826276	-1.4520984e-17	4.158265e-16	-1.4529833e-17	-0.7854186	-0.0023102143	0.00045364787
0	-0.9990402	0.0064958343	0.00023640672	-0.00013951295	0.003995128	-0.00013959799	-0.7853547	0.010222692	0.00037204046
0	-0.99887085	0.014452152	0.00018491507	-0.0002790259	0.007990256	-0.00027919599	-0.78508836	0.022743791	0.0002910065
0	-0.99857366	0.022395495	0.00013379233	-0.0004185389	0.011985384	-0.0004187939	-0.78462046	0.035244472	0.00021055306
0	-0.99814916	0.030320618	8.303558e-05	-0.0005580518	0.015980512	-0.00055839197	-0.78395253	0.04771648	0.00013067559
0	-0.9975988	0.03822252	3.2634707e-05	-0.00069756474	0.01997564	-0.00069798995	-0.7830864	0.06015195	5.135825e-05
0	-0.9969241	0.04609657	-1.742523e-05	-0.0008370778	0.023970768	-0.0008375878	-0.78202444	0.072543584	-2.742261e-05
0	-0.9961265	0.053938538	-6.716294e-05	-0.0009765906	0.027965901	-0.0009771859	-0.78076947	0.08488472	-0.00010569635
0	-0.9952078	0.061744448	-0.00011659912	-0.0011161036	0.031961024	-0.0011167839	-0.7793237	0.09716912	-0.00018349558
0	-0.99416995	0.06951077	-0.00016575462	-0.0012556165	0.035956148	-0.001256382	-0.77769035	0.10939122	-0.00026085312
0	-0.9930147	0.07723413	-0.00021464999	-0.0013951295	0.03995128	-0.0013959799	-0.77587223	0.12154571	-0.00033780123
0	-0.991744	0.084911466	-0.00026330404	-0.0015346425	0.04394641	-0.0015355778	-0.77387255	0.13362774	-0.00041436963
0	-0.9903599	0.09253975	-0.00031173447	-0.0016741556	0.047941536	-0.0016751756	-0.77169424	0.14563262	-0.00049058604
0	-0.9888643	0.10011614	-0.00035995618	-0.0018136686	0.05193666	-0.0018147734	-0.76934063	0.15755582	-0.00056647405
0	-0.9872592	0.10763787	-0.00040798308	-0.001953181	0.055931803	-0.0019543718	-0.76681495	0.16939299	-0.0006420555
0	-0.9855471	0.11510202	-0.0004558274	-0.0020926942	0.059926923	-0.0020939698	-0.76412034	0.18113956	-0.00071734947
0	-0.98372984	0.122506045	-0.0005034986	-0.0022322072	0.06392205	-0.0022335679	-0.76126045	0.19279149	-0.0007923711
0	-0.9818099	0.12984648	-0.00055100967	-0.00237172	0.067917176	-0.0023731657	-0.75823903	0.20434338	-0.0008671407
0	-0.97978973	0.13712105	-0.0005983672	-0.002511233	0.071912296	-0.002512764	-0.7550598	0.21579158	-0.00094166864
0	-0.9776718	0.14432648	-0.0006455816	-0.0026507454	0.07590743	-0.0026523618	-0.7517266	0.22713098	-0.0010159713
0	-0.97545874	0.1514598	-0.00069266226	-0.002790259	0.07990256	-0.0027919598	-0.74824405	0.2383569	-0.0010900637
0	-0.97315365	0.15851793	-0.00073961925	-0.0029297716	0.0838977	-0.0029315578	-0.7446163	0.24946448	-0.0011639615
0	-0.97075933	0.16549768	-0.0007864644	-0.003069285	0.08789282	-0.0030711556	-0.74084824	0.2604487	-0.001237683
0	-0.96827906	0.17239608	-0.0008332095	-0.0032087977	0.09188794	-0.0032107534	-0.73694485	0.27130497	-0.0013112472
0	-0.965716	0.17920986	-0.00087986916	-0.0033483112	0.09588307	-0.0033503512	-0.7329115	0.28202802	-0.0013846769
0	-0.963074	0.18593602	-0.0009264582	-0.0034878238	0.0998782	-0.003489949	-0.72875357	0.2926132	-0.0014579955
0	-0.9603565	0.19257158	-0.0009729923	-0.0036273373	0.10387332	-0.0036295468	-0.72447705	0.30305576	-0.0015312276
0	-0.95756745	0.19911359	-0.0010194877	-0.0037668496	0.10786844	-0.003769146	-0.72008777	0.31335112	-0.001604399
0	-0.95471066	0.2055595	-0.0010659586	-0.003906362	0.111863606	-0.0039087436	-0.71559197	0.32349527	-0.0016775315
0	-0.95179015	0.21190672	-0.0011124179	-0.0040458753	0.115858726	-0.0040483414	-0.710996	0.33348405	-0.0017506459
0	-0.9488101	0.21815301	-0.0011588755	-0.0041853883	0.11985385	-0.0041879397	-0.7063061	0.34331408	-0.0018237578
0	-0.9457745	0.22429618	-0.0012053391	-0.0043249014	0.123848975	-0.0043275375	-0.70152897	0.35298172	-0.0018968788
0	-0.94268763	0.2303345	-0.0012518117	-0.0044644144	0.1278441	-0.0044671358	-0.69667095	0.36248443	-0.001970014
0	-0.93955344	0.2362663	-0.0012982942	-0.0046039275	0.13183923	-0.0046067336	-0.69173855	0.3718195	-0.002043165
0	-0.9363761	0.24209033	-0.0013447824	-0.00474344	0.13583435	-0.0047463314	-0.68673825	0.3809849	-0.0021163253
0	-0.9331597	0.24780527	-0.0013912728	-0.0048829536	0.1398295	-0.00488593	-0.68167657	0.3899787	-0.0021894882
0	-0.9299082	0.25341025	-0.0014377559	-0.005022466	0.14382459	-0.005025528	-0.6765597	0.39879945	-0.0022626407
0	-0.9266258	0.25890464	-0.0014842242	-0.005161979	0.14781974	-0.0051651257	-0.671394	0.4074461	-0.0023357687
0	-0.9233162	0.26428777	-0.001530667	-0.005301491	0.15181486	-0.0053047235	-0.6661856	0.41591766	-0.0024088572
0	-0.9199833	0.26955944	-0.0015770738	-0.005441006	0.15581	-0.0054443213	-0.6609407	0.4242139	-0.0024818894
0	-0.91663104	0.27471954	-0.0016234356	-0.005580518	0.15980512	-0.0055839196	-0.65566504	0.43233454	-0.00255485
0	-0.9132629	0.2797682	-0.0016697426	-0.005720031	0.16380025	-0.0057235174	-0.6503643	0.44027972	-0.0026277248
0	-0.90988237	0.28470567	-0.0017159866	-0.005859543	0.1677954	-0.0058631157	-0.6450442	0.44805	-0.0027005004
0	-0.9064928	0.2895325	-0.0017621601	-0.0059990566	0.1717905	-0.0060027135	-0.6397101	0.45564613	-0.0027731648
0	-0.9030977	0.29424933	-0.0018082568	-0.00613857	0.17578565	-0.0061423113	-0.6343671	0.46306914	-0.002845709
0	-0.89970005	0.29885712	-0.0018542717	-0.0062780827	0.17978074	-0.006281909	-0.6290201	0.47032055	-0.0029181242
0	-0.8963028	0.3033568	-0.0019002005	-0.0064175953	0.18377589	-0.006421507	-0.6236738	0.47740185	-0.0029904034
0	-0.8929089	0.3077496	-0.0019460403	-0.0065571074	0.18777102	-0.0065611047	-0.6183326	0.4843149	-0.0030625428
0	-0.8895207	0.31203672	-0.0019917875	-0.0066966224	0.19176614	-0.0067007025	-0.61300087	0.4910617	-0.0031345366
0	-0.8861413	0.3162198	-0.00203744	-0.0068361345	0.19576131	-0.0068403003	-0.60768217	0.49764472	-0.0032063813
0	-0.88277227	0.32030028	-0.0020829958	-0.0069756475	0.1997564	-0.006979898	-0.60238045	0.5040663	-0.0032780736
0	-0.87941635	0.32427981	-0.0021284528	-0.0071151596	0.20375155	-0.0071194987	-0.5970991	0.510329	-0.0033496108
0	-0.87607557	0.32815993	-0.0021738096	-0.0072546746	0.20774664	-0.0072590937	-0.5918415	0.5164352	-0.0034209902
0	-0.8727516	0.33194265	-0.0022190644	-0.0073941867	0.21174179	-0.0073986943	-0.58661044	0.5223882	-0.0034922096
0	-0.8694463	0.33562964	-0.0022642154	-0.0075336993	0.21573688	-0.007538292	-0.581409	0.5281906	-0.0035632646
0	-0.8661614	0.3392229	-0.0023092607	-0.007673212	0.21973205	-0.00767789	-0.5762392	0.5338454	-0.0036341539
0	-0.8628983	0.34272423	-0.0023541984	-0.007812724	0.22372721	-0.007817487	-0.57110405	0.5393556	-0.0037048738
0	-0.8596583	0.3461357	-0.002399026	-0.007952238	0.2277223	-0.007957085	-0.56600523	0.5447243	-0.0037754204
0	-0.85644305	0.34945902	-0.0024437425	-0.008091751	0.23171745	-0.008096683	-0.5609453	0.5499543	-0.003845792
0	-0.85325354	0.35269633	-0.0024883456	-0.008231264	0.23571254	-0.008236282	-0.55592567	0.555049	-0.003915985
0	-0.85009056	0.3558495	-0.002532832	-0.008370777	0.2397077	-0.008375879	-0.55094814	0.56001127	-0.0039859945
0	-0.84695536	0.35892057	-0.0025772003	-0.008510291	0.24370278	-0.008515477	-0.5460143	0.56484425	-0.004055818
0	-0.84384876	0.36191154	-0.0026214474	-0.008649803	0.24769795	-0.008655075	-0.5411253	0.56955117	-0.0041254517
0	-0.84077144	0.36482427	-0.0026655714	-0.008789316	0.25169304	-0.008794673	-0.5362824	0.57413507	-0.004194891
0	-0.83772427	0.36766067	-0.0027095703	-0.008928829	0.2556882	-0.0089342715	-0.5314869	0.5785988	-0.004264133
0	-0.8347076	0.3704227	-0.002753441	-0.009068341	0.25968334	-0.009073869	-0.52673954	0.5829456	-0.0043331734
0	-0.8317222	0.37311232	-0.0027971806	-0.009207855	0.26367846	-0.009213467	-0.52204126	0.58717823	-0.0044020084
0	-0.8287683	0.37573135	-0.0028407874	-0.009347367	0.26767358	-0.009353065	-0.5173928	0.59129983	-0.004470634
0	-0.8258466	0.37828153	-0.0028842594	-0.00948688	0.2716687	-0.009492663	-0.51279473	0.5953132	-0.0045390464
0	-0.82295716	0.38076487	-0.0029275932	-0.009626393	0.27566385	-0.009632261	-0.5082475	0.5992212	-0.0046072425
0	-0.8201004	0.383183	-0.0029707865	-0.009765907	0.279659	-0.00977186	-0.50375175	0.60302675	-0.004675218
0	-0.81727636	0.3855378	-0.0030138372	-0.009905419	0.2836541	-0.009911456	-0.49930745	0.6067326	-0.0047429674
0	-0.8144854	0.38783094	-0.0030567434	-0.010044932	0.28764918	-0.010051056	-0.49491525	0.61034137	-0.00481049
0	-0.8117274	0.39006406	-0.0030995023	-0.010184445	0.29164436	-0.010190652	-0.49057496	0.6138557	-0.0048777815
0	-0.80900264	0.39223894	-0.0031421122	-0.010323958	0.2956395	-0.010330251	-0.4862869	0.6172784	-0.0049448377
0	-0.806311	0.39435714	-0.0031845698	-0.01046347	0.2996346	-0.010469847	-0.48205107	0.62061185	-0.005011655
0	-0.8036526	0.39642024	-0.0032268744	-0.010602982	0.30362973	-0.010609447	-0.4778674	0.62385863	-0.0050782305
0	-0.80102724	0.39842978	-0.003269023	-0.010742497	0.30762485	-0.010749043	-0.47373572	0.6270211	-0.005144561
0	-0.798435	0.40038726	-0.0033110145	-0.010882012	0.31162	-0.010888643	-0.46965617	0.6301017	-0.0052106446
0	-0.7958755	0.40229422	-0.0033528472	-0.011021524	0.31561515	-0.011028241	-0.46562827	0.6331027	-0.005276478
0	-0.7933488	0.40415213	-0.003394518	-0.011161036	0.31961024	-0.011167839	-0.46165186	0.63602644	-0.0053420565
0	-0.7908546	0.40596214	-0.0034360264	-0.011300549	0.3236054	-0.011307437	-0.45772678	0.6388751	-0.0054073795
0	-0.78839296	0.40772593	-0.003477371	-0.011440062	0.3276005	-0.011447035	-0.4538527	0.64165074	-0.005472445
0	-0.7859633	0.4094447	-0.0035185495	-0.011579574	0.33159563	-0.011586633	-0.45002913	0.6443556	-0.0055372487
0	-0.78356564	0.41111967	-0.0035595624	-0.011719086	0.3355908	-0.011726231	-0.44625592	0.64699155	-0.005601791
0	-0.78119963	0.4127522	-0.0036004055	-0.011858598	0.3395859	-0.011865831	-0.44253236	0.6495608	-0.005666068
0	-0.778865	0.4143436	-0.0036410794	-0.011998113	0.343581	-0.012005427	-0.43885824	0.65206516	-0.0057300776
0	-0.7765615	0.4158948	-0.0036815829	-0.012137628	0.34757614	-0.012145027	-0.43523318	0.6545063	-0.005793819
0	-0.7742887	0.4174072	-0.0037219145	-0.01227714	0.3515713	-0.0122846225	-0.4316565	0.65688646	-0.0058572902
0	-0.77204645	0.41888183	-0.0037620738	-0.012416652	0.35556647	-0.012424222	-0.42812777	0.65920705	-0.0059204902
0	-0.76983434	0.42031974	-0.003802059	-0.012556165	0.35956147	-0.012563818	-0.42464656	0.66147	-0.005983417
0	-0.76765215	0.421722	-0.0038418702	-0.0126956785	0.36355665	-0.012703418	-0.42121232	0.66367674	-0.006046069
0	-0.76549923	0.42308974	-0.0038815066	-0.012835191	0.36755177	-0.012843014	-0.41782436	0.66582924	-0.006108445
0	-0.76337564	0.4244239	-0.003920967	-0.012974703	0.37154695	-0.012982613	-0.4144823	0.6679288	-0.0061705457
0	-0.7612808	0.42572543	-0.003960252	-0.013114215	0.37554204	-0.013122209	-0.4111855	0.66997707	-0.0062323688
0	-0.75921434	0.42699528	-0.0039993594	-0.013253733	0.37953714	-0.013261809	-0.40793347	0.6719755	-0.006293914
0	-0.757176	0.42823437	-0.00403829	-0.013393245	0.3835323	-0.013401405	-0.40472564	0.67392546	-0.00635518
0	-0.7551652	0.4294436	-0.0040770434	-0.013532757	0.38752744	-0.013541005	-0.4015613	0.67582846	-0.0064161667
0	-0.7531819	0.43062383	-0.004115618	-0.013672269	0.39152262	-0.013680601	-0.39844	0.6776858	-0.0064768735
0	-0.7512255	0.4317758	-0.004154016	-0.013811782	0.39551762	-0.013820201	-0.39536113	0.6794988	-0.0065373015
0	-0.7492956	0.43290046	-0.0041922345	-0.013951295	0.3995128	-0.013959796	-0.3923241	0.68126863	-0.006597447
0	-0.74739194	0.43399844	-0.0042302758	-0.014090807	0.40350795	-0.014099397	-0.38932824	0.6829967	-0.006657313
0	-0.7455141	0.43507072	-0.0042681377	-0.014230319	0.4075031	-0.014238997	-0.38637307	0.68468404	-0.0067168986
0	-0.74366176	0.43611777	-0.0043058223	-0.014369831	0.4114981	-0.014378592	-0.38345802	0.6863318	-0.0067762034
0	-0.7418345	0.43714046	-0.004343328	-0.014509349	0.41549328	-0.014518187	-0.3805824	0.68794125	-0.006835228
0	-0.7400321	0.43813947	-0.0043806564	-0.014648861	0.41948846	-0.014657789	-0.37774566	0.68951344	-0.0068939724
0	-0.73825383	0.43911543	-0.0044178064	-0.014788373	0.42348358	-0.014797389	-0.3749473	0.6910494	-0.0069524357
0	-0.7364996	0.44006905	-0.0044547776	-0.0149278855	0.42747876	-0.0149369845	-0.37218666	0.69255006	-0.0070106187
0	-0.73476905	0.44100085	-0.004491572	-0.015067399	0.43147376	-0.015076584	-0.3694632	0.69401646	-0.007068523
0	-0.7330617	0.44191155	-0.004528189	-0.015206912	0.43546894	-0.01521618	-0.3667763	0.6954497	-0.0071261493
0	-0.7313772	0.44280162	-0.00456463	-0.015346424	0.4394641	-0.01535578	-0.36412543	0.6968504	-0.007183497
0	-0.72971535	0.44367176	-0.0046008923	-0.015485936	0.44345924	-0.015495376	-0.3615101	0.6982199	-0.007240565
0	-0.7280757	0.4445225	-0.004636979	-0.015625449	0.44745442	-0.015634974	-0.35892963	0.6995586	-0.0072973557
0	-0.72645783	0.4453543	-0.004672891	-0.015764965	0.45144942	-0.015774572	-0.3563836	0.70086765	-0.007353871
0	-0.72486144	0.4461677	-0.0047086272	-0.015904477	0.4554446	-0.01591417	-0.35387135	0.7021477	-0.0074101104
0	-0.7232863	0.4469633	-0.004744188	-0.016043989	0.45943972	-0.016053768	-0.3513924	0.7033998	-0.007466073
0	-0.7217319	0.44774145	-0.0047795754	-0.016183501	0.4634349	-0.016193366	-0.3489462	0.7046244	-0.0075217634
0	-0.720198	0.44850272	-0.004814789	-0.016323015	0.46743008	-0.016332967	-0.3465323	0.70582247	-0.0075771804
0	-0.71868426	0.44924757	-0.004849829	-0.016462527	0.4714251	-0.016472563	-0.34415007	0.70699453	-0.0076323235
0	-0.7171903	0.44997638	-0.0048846966	-0.016602041	0.47542024	-0.01661216	-0.34179902	0.7081415	-0.0076871957
0	-0.71571594	0.45068958	-0.0049193916	-0.016741553	0.4794154	-0.016751759	-0.33947873	0.709264	-0.0077417963
0	-0.71426076	0.45138767	-0.0049539157	-0.016881065	0.48341057	-0.016891358	-0.3371886	0.71036255	-0.007796128
0	-0.7128244	0.45207107	-0.004988269	-0.017020581	0.48740557	-0.017030954	-0.33492824	0.711438	-0.007850191
0	-0.7114065	0.45274	-0.0050224517	-0.017160093	0.49140075	-0.01717055	-0.33269706	0.71249074	-0.007903986
0	-0.71000713	0.4533949	-0.005056466	-0.017299606	0.4953959	-0.01731015	-0.33049464	0.71352136	-0.007957514
